9000 4 100 18 114 42 136 88 192 3 223
9001 4 100 55 29 81 64 14 104 52 222
9002 4 100 89 196 18 62 57 34 69 112
9003 4 100 34 169 23 152 62 44 2 224
9004 4 100 67 145 74 111 87 139 65 243
9005 4 100 12 66 52 167 16 150 3 180
9006 4 100 85 190 13 165 4 47 83 198
9007 4 100 31 96 38 77 50 1 22 202
9008 4 100 88 235 26 224 76 220 80 194
9009 4 100 27 163 42 22 87 179 69 61
9010 4 100 6 36 33 253 5 1 67 44
9011 4 100 65 241 58 150 53 26 20 218
9012 4 100 51 87 5 198 19 40 81 47
9013 4 100 11 166 24 165 50 74 21 100
9014 4 100 65 38 20 243 13 107 39 122
9015 4 100 73 107 33 213 32 17 82 116
9016 4 100 7 193 30 95 82 57 13 164
9017 4 100 33 165 54 141 83 132 75 54
9018 4 100 88 218 27 157 36 97 29 229
9019 4 100 43 103 63 227 75 87 88 152
9020 4 100 87 229 39 57 74 34 58 139
9021 4 100 7 196 15 251 6 29 68 20
9022 4 100 45 194 71 75 25 92 74 150
9023 4 100 64 155 20 62 52 56 2 170
9024 4 100 89 156 64 182 22 211 31 109
9025 4 100 88 208 73 3 1 87 24 132
9026 4 100 1 246 36 18 47 248 65 176
9027 4 100 61 47 73 112 2 62 26 72
9028 4 100 60 116 88 234 14 89 3 83
9029 4 100 32 161 16 126 83 157 35 85
9030 4 100 75 98 71 171 45 16 25 125
9031 4 100 22 138 59 107 71 149 75 171
9032 4 100 2 208 73 3 3 81 51 212
9033 4 100 24 33 74 14 16 61 23 6
9034 4 100 70 253 62 72 47 87 75 223
9035 4 100 4 236 68 237 74 121 22 112
9036 4 100 10 216 1 77 4 219 38 72
9037 4 100 9 23 87 208 58 48 31 76
9038 4 100 75 161 1 90 87 148 60 1
9039 4 100 85 74 75 147 79 27 45 159
9040 4 100 21 29 17 190 86 88 52 95
9041 4 100 21 88 55 42 12 161 22 152
9042 4 100 47 145 16 216 58 129 1 76
9043 4 100 70 3 7 23 17 226 59 149
9044 4 100 9 55 58 193 29 223 32 227
9045 4 100 87 240 26 208 33 111 72 29
9046 4 100 6 48 4 32 77 137 28 42
9047 4 100 7 81 22 144 79 204 43 105
9048 4 100 10 51 14 11 86 82 22 192
9049 4 100 86 215 76 163 4 53 14 246
9000 4 81 4 39 -21 29 4 39 -21 29
10001 4 45 -57 -42 -83 54 -57 -42 -83 54
10002 4 98 -21 67 -74 23 -21 67 -74 23
10003 4 51 49 73 -23 99 49 73 -23 99
10004 4 27 -28 79 37 -63 -28 79 37 -63
10005 4 31 29 64 71 -64 29 64 71 -64
10006 4 80 25 29 67 -15 25 29 67 -15
10007 4 19 -13 -86 78 57 -13 -86 78 57
10008 4 22 67 52 28 81 67 52 28 81
10009 4 77 15 -63 -37 -88 15 -63 -37 -88
10010 4 83 -86 -81 -25 13 -86 -81 -25 13
10011 4 20 -5 -13 -63 -39 -5 -13 -63 -39
10012 4 29 -74 -23 -24 34 -74 -23 -24 34
10013 4 49 -70 -77 17 -67 -70 -77 17 -67
10014 4 94 35 63 -46 -76 35 63 -46 -76
10015 4 93 54 -8 -65 27 54 -8 -65 27
10016 10 1 99 -30 40 -57 -58 99 70 -55 24 -34 99 -30 40 -57 -58 99 70 -55 24 -34
10017 10 35 -40 -32 -97 -87 -2 -16 28 65 13 32 -40 -32 -97 -87 -2 -16 28 65 13 32
10018 10 96 -63 -95 97 -58 85 -86 -45 -38 61 94 -63 -95 97 -58 85 -86 -45 -38 61 94
10019 10 94 -51 -12 -83 4 -14 -97 94 72 -54 18 -51 -12 -83 4 -14 -97 94 72 -54 18
10020 10 34 37 -51 -99 7 -60 -34 78 3 -52 -2 37 -51 -99 7 -60 -34 78 3 -52 -2
10001 4 44 -18 -26 44 -93 -18 -26 44 -93
10002 4 48 75 37 98 75 75 37 98 75
10003 4 78 63 36 29 -18 63 36 29 -18
10004 4 84 67 61 5 -35 67 61 5 -35
10005 4 47 -16 58 -50 -21 -16 58 -50 -21
10006 4 8 81 50 100 7 81 50 100 7
10007 4 63 16 17 -6 -35 16 17 -6 -35
10008 4 75 -10 -26 -55 -44 -10 -26 -55 -44
10009 4 84 34 42 -27 31 34 42 -27 31
10010 4 49 35 16 63 -87 35 16 63 -87
10011 4 37 -26 26 -96 14 -26 26 -96 14
10012 4 21 -40 55 -98 31 -40 55 -98 31
10013 4 3 -51 -36 -43 100 -51 -36 -43 100
10014 4 81 66 -89 -36 -1 66 -89 -36 -1
10015 4 3 -72 -91 -10 -36 -72 -91 -10 -36
10016 10 44 82 3 89 28 -16 -38 -86 66 -27 48 82 3 89 28 -16 -38 -86 66 -27 48
10017 10 24 -45 100 -1 -49 -27 -2 78 -23 -43 -73 -45 100 -1 -49 -27 -2 78 -23 -43 -73
10018 10 19 24 99 -55 85 37 20 -18 2 -39 13 24 99 -55 85 37 20 -18 2 -39 13
10019 10 95 -15 59 -66 -82 -33 29 -39 -36 -36 59 -15 59 -66 -82 -33 29 -39 -36 -36 59
10020 10 69 67 -50 -75 65 28 56 -60 85 23 -38 67 -50 -75 65 28 56 -60 85 23 -38
10021 10 8 -52 -3 90 73 -14 73 -57 -29 26 -57 -52 -3 90 73 -14 73 -57 -29 26 -57
10022 10 73 -21 -93 37 -55 42 72 55 -86 -97 -55 -21 -93 37 -55 42 72 55 -86 -97 -55
10023 10 71 -21 39 -72 -8 16 -84 -41 84 -65 65 -21 39 -72 -8 16 -84 -41 84 -65 65
10024 10 87 -99 92 99 -32 -78 -68 -72 77 -65 100 -99 92 99 -32 -78 -68 -72 77 -65 100
10025 10 83 -34 47 -22 -65 -84 -68 5 61 76 33 -34 47 -22 -65 -84 -68 5 61 76 33
10026 10 83 79 -75 -31 38 -46 -31 -72 20 74 59 79 -75 -31 38 -46 -31 -72 20 74 59
10027 10 88 -38 -58 -56 -3 -82 12 79 16 6 86 -38 -58 -56 -3 -82 12 79 16 6 86
10028 10 41 -88 -62 56 53 -95 39 -76 3 42 -58 -88 -62 56 53 -95 39 -76 3 42 -58
10029 10 64 -22 -39 32 -21 -96 25 -49 48 -44 -36 -22 -39 32 -21 -96 25 -49 48 -44 -36
10030 10 47 14 -14 49 65 63 -26 29 -53 -51 6 14 -14 49 65 63 -26 29 -53 -51 6
10031 15 90 -35 -62 -18 27 49 5 -52 -8 22 35 -95 18 49 -92 98 -35 -62 -18 27 49 5 -52 -8 22 35 -95 18 49 -92 98
10032 15 8 46 35 26 4 -16 80 22 19 42 28 86 -31 -50 17 -26 46 35 26 4 -16 80 22 19 42 28 86 -31 -50 17 -26
10033 15 17 53 1 -99 -23 87 -55 1 -37 -32 37 67 -18 71 65 -77 53 1 -99 -23 87 -55 1 -37 -32 37 67 -18 71 65 -77
10034 15 89 75 -8 34 -20 -48 84 85 -90 59 -24 -82 94 75 87 -37 75 -8 34 -20 -48 84 85 -90 59 -24 -82 94 75 87 -37
10035 15 87 -22 57 49 95 -14 53 -48 39 -29 -47 -35 48 57 87 -16 -22 57 49 95 -14 53 -48 39 -29 -47 -35 48 57 87 -16
10036 15 40 89 73 -78 81 41 66 -38 45 -49 -99 -100 -93 -23 -76 16 89 73 -78 81 41 66 -38 45 -49 -99 -100 -93 -23 -76 16
10037 15 56 -91 -88 70 -64 32 -36 44 -34 98 58 -100 81 -71 8 92 -91 -88 70 -64 32 -36 44 -34 98 58 -100 81 -71 8 92
10038 15 30 -91 29 -32 25 -100 7 61 6 71 -68 -45 -79 -20 -41 -37 -91 29 -32 25 -100 7 61 6 71 -68 -45 -79 -20 -41 -37
10039 15 76 -98 21 -87 41 1 1 3 88 -61 -40 2 40 6 76 -81 -98 21 -87 41 1 1 3 88 -61 -40 2 40 6 76 -81
10040 15 20 -76 41 -3 -84 31 35 -16 -98 29 -69 18 -19 4 -61 -9 -76 41 -3 -84 31 35 -16 -98 29 -69 18 -19 4 -61 -9
10041 15 43 -5 48 -18 3 44 -6 -80 82 87 -88 -92 100 17 31 -86 -5 48 -18 3 44 -6 -80 82 87 -88 -92 100 17 31 -86
10042 15 70 -89 15 -32 97 -74 67 18 -21 19 -12 -49 9 27 -42 92 -89 15 -32 97 -74 67 18 -21 19 -12 -49 9 27 -42 92
10043 15 10 75 26 36 14 -34 85 -52 -18 44 -40 88 -99 -93 -83 59 75 26 36 14 -34 85 -52 -18 44 -40 88 -99 -93 -83 59
10044 15 75 -90 36 5 23 -39 6 -90 -27 -80 -30 -65 -82 51 -16 -86 -90 36 5 23 -39 6 -90 -27 -80 -30 -65 -82 51 -16 -86
10045 15 73 85 -83 -60 -61 24 -82 20 33 -63 -73 93 91 -88 -41 90 85 -83 -60 -61 24 -82 20 33 -63 -73 93 91 -88 -41 90
10046 20 20 -68 -14 -76 57 70 -52 -57 -25 -7 -64 -94 30 18 -64 -2 -43 81 79 100 -7 -68 -14 -76 57 70 -52 -57 -25 -7 -64 -94 30 18 -64 -2 -43 81 79 100 -7
10047 20 45 -68 -6 -80 -65 -43 -48 -56 -10 -24 85 31 59 -72 -81 34 -24 74 -10 94 -22 -68 -6 -80 -65 -43 -48 -56 -10 -24 85 31 59 -72 -81 34 -24 74 -10 94 -22
10048 20 43 -1 -97 -74 -19 22 -77 39 -49 -20 71 -10 54 34 -93 -90 -58 -62 -69 35 -33 -1 -97 -74 -19 22 -77 39 -49 -20 71 -10 54 34 -93 -90 -58 -62 -69 35 -33
10049 20 93 -34 83 84 27 42 -3 -58 -12 -60 72 85 -62 74 71 -35 56 60 -28 54 96 -34 83 84 27 42 -3 -58 -12 -60 72 85 -62 74 71 -35 56 60 -28 54 96
10050 20 64 -95 33 -5 41 -76 -4 -38 -27 -32 -40 67 66 38 -69 -42 4 49 -81 6 56 -95 33 -5 41 -76 -4 -38 -27 -32 -40 67 66 38 -69 -42 4 49 -81 6 56
10051 20 8 -1 -3 67 15 82 73 -87 41 -13 16 42 81 75 10 99 85 7 89 -91 87 -1 -3 67 15 82 73 -87 41 -13 16 42 81 75 10 99 85 7 89 -91 87
10052 20 43 70 -92 12 -42 25 69 44 82 -26 -76 -75 3 -3 83 -10 59 33 40 -18 -99 70 -92 12 -42 25 69 44 82 -26 -76 -75 3 -3 83 -10 59 33 40 -18 -99
10053 20 5 83 -68 -17 -63 28 46 30 -56 -13 8 51 -2 -11 43 -1 -24 61 77 19 2 83 -68 -17 -63 28 46 30 -56 -13 8 51 -2 -11 43 -1 -24 61 77 19 2
10054 20 17 -61 -93 49 -49 -68 -96 -21 -89 32 90 30 28 79 -93 -89 -35 -29 -70 -2 65 -61 -93 49 -49 -68 -96 -21 -89 32 90 30 28 79 -93 -89 -35 -29 -70 -2 65
10055 20 42 -14 96 60 -46 -78 92 -94 -69 32 40 -74 -1 99 -36 65 39 -61 -93 49 -19 -14 96 60 -46 -78 92 -94 -69 32 40 -74 -1 99 -36 65 39 -61 -93 49 -19
10056 20 10 67 -11 -23 -72 -4 -15 -71 97 65 -60 59 -22 -86 -56 -100 -15 63 -39 -96 -60 67 -11 -23 -72 -4 -15 -71 97 65 -60 59 -22 -86 -56 -100 -15 63 -39 -96 -60
10057 20 37 -80 57 -1 -99 -59 38 73 -21 -72 94 5 -6 73 -54 99 -30 -88 -72 61 -4 -80 57 -1 -99 -59 38 73 -21 -72 94 5 -6 73 -54 99 -30 -88 -72 61 -4
10058 20 9 51 -73 43 44 -74 22 -45 -72 -100 33 -35 81 -53 -19 -91 78 -93 -32 -38 39 51 -73 43 44 -74 22 -45 -72 -100 33 -35 81 -53 -19 -91 78 -93 -32 -38 39
10059 20 54 -3 55 9 -93 30 55 21 47 26 69 72 55 -94 -13 94 -88 29 -73 56 -75 -3 55 9 -93 30 55 21 47 26 69 72 55 -94 -13 94 -88 29 -73 56 -75
10060 20 97 51 84 -75 -93 44 18 42 -82 -23 -46 76 59 -89 -42 5 -76 65 78 -49 -29 51 84 -75 -93 44 18 42 -82 -23 -46 76 59 -89 -42 5 -76 65 78 -49 -29
10061 22 91 -36 -15 -89 31 22 -40 -87 -32 -11 -30 1 -96 5 36 46 -90 35 -45 35 84 -11 -22 -36 -15 -89 31 22 -40 -87 -32 -11 -30 1 -96 5 36 46 -90 35 -45 35 84 -11 -22
10062 22 93 -19 -49 46 8 -90 -31 -32 -89 -13 64 55 10 44 -55 -66 35 86 -51 26 71 80 20 -19 -49 46 8 -90 -31 -32 -89 -13 64 55 10 44 -55 -66 35 86 -51 26 71 80 20
10063 22 11 -49 -23 -95 -29 -69 -2 -59 65 -99 87 49 -6 -25 35 -58 -95 5 44 -12 -66 -65 -63 -49 -23 -95 -29 -69 -2 -59 65 -99 87 49 -6 -25 35 -58 -95 5 44 -12 -66 -65 -63
10064 22 92 32 50 -9 -10 58 -31 81 -52 -48 -27 -76 -34 -79 76 -64 58 -20 -5 -49 -54 64 81 32 50 -9 -10 58 -31 81 -52 -48 -27 -76 -34 -79 76 -64 58 -20 -5 -49 -54 64 81
10065 22 14 -97 -54 84 1 -96 68 -80 -21 69 43 -100 -14 35 95 -54 -96 29 -24 74 12 38 -20 -97 -54 84 1 -96 68 -80 -21 69 43 -100 -14 35 95 -54 -96 29 -24 74 12 38 -20
10066 22 74 -23 12 -32 -29 74 -90 -8 19 91 -8 -75 -7 -33 -78 -45 73 -24 -90 -7 42 -34 55 -23 12 -32 -29 74 -90 -8 19 91 -8 -75 -7 -33 -78 -45 73 -24 -90 -7 42 -34 55
10067 22 94 -98 -57 66 -86 2 -59 -70 -63 23 -61 -72 -67 42 23 -55 -38 60 13 -16 -14 22 -23 -98 -57 66 -86 2 -59 -70 -63 23 -61 -72 -67 42 23 -55 -38 60 13 -16 -14 22 -23
10068 22 83 55 36 48 -30 -87 -66 5 -26 4 87 -99 31 -68 53 -5 -15 -3 -74 -94 44 69 -13 55 36 48 -30 -87 -66 5 -26 4 87 -99 31 -68 53 -5 -15 -3 -74 -94 44 69 -13
10069 22 31 -72 -67 37 -89 13 77 69 58 -75 38 22 62 -16 17 -9 34 -29 -79 -33 17 -28 50 -72 -67 37 -89 13 77 69 58 -75 38 22 62 -16 17 -9 34 -29 -79 -33 17 -28 50
10070 22 22 56 35 52 -93 -12 -6 73 -13 68 -33 -89 -28 93 62 -32 25 -6 86 85 33 29 39 56 35 52 -93 -12 -6 73 -13 68 -33 -89 -28 93 62 -32 25 -6 86 85 33 29 39
10071 22 60 21 78 -47 -39 -20 -7 -97 20 -56 96 18 19 43 -14 66 -49 68 -11 83 72 -82 90 21 78 -47 -39 -20 -7 -97 20 -56 96 18 19 43 -14 66 -49 68 -11 83 72 -82 90
10072 22 63 5 1 -62 -89 -90 47 -10 -29 12 -78 8 -40 -14 -75 76 -33 -87 -95 6 -17 -12 -10 5 1 -62 -89 -90 47 -10 -29 12 -78 8 -40 -14 -75 76 -33 -87 -95 6 -17 -12 -10
10073 22 63 -95 66 71 -60 73 -18 -45 -75 71 92 -58 91 -45 -86 -12 -42 35 58 -20 67 -5 18 -95 66 71 -60 73 -18 -45 -75 71 92 -58 91 -45 -86 -12 -42 35 58 -20 67 -5 18
10074 22 86 -4 -35 -45 91 18 57 3 5 93 78 84 -77 -46 -96 74 -14 27 50 46 -11 23 -20 -4 -35 -45 91 18 57 3 5 93 78 84 -77 -46 -96 74 -14 27 50 46 -11 23 -20
10075 22 28 36 -81 9 1 -31 -99 -50 -16 17 49 95 -38 64 48 12 81 80 75 11 -79 91 -47 36 -81 9 1 -31 -99 -50 -16 17 49 95 -38 64 48 12 81 80 75 11 -79 91 -47
10076 25 5 -46 -97 -14 -19 96 -42 -71 -74 31 24 15 80 25 -49 -76 -29 82 23 -25 76 71 -40 38 45 70 -46 -97 -14 -19 96 -42 -71 -74 31 24 15 80 25 -49 -76 -29 82 23 -25 76 71 -40 38 45 70
10077 25 56 -94 94 27 45 -42 91 33 -80 -36 -75 11 -59 -66 -82 13 -49 -39 51 -39 91 -74 78 -82 -80 -40 -94 94 27 45 -42 91 33 -80 -36 -75 11 -59 -66 -82 13 -49 -39 51 -39 91 -74 78 -82 -80 -40
10078 25 79 -27 -76 -28 -65 -13 -84 -9 49 -66 -40 -54 72 -89 -45 -13 -17 17 16 19 -29 16 37 44 -98 39 -27 -76 -28 -65 -13 -84 -9 49 -66 -40 -54 72 -89 -45 -13 -17 17 16 19 -29 16 37 44 -98 39
10079 25 39 13 10 -65 -41 79 -74 -62 68 -7 -78 7 -35 -47 85 -2 -14 48 -65 -84 -21 -42 -58 35 -24 56 13 10 -65 -41 79 -74 -62 68 -7 -78 7 -35 -47 85 -2 -14 48 -65 -84 -21 -42 -58 35 -24 56
10080 25 49 -49 -60 10 -90 -41 86 22 -20 86 -71 -77 -51 94 -49 75 -81 14 51 -44 88 70 -7 19 -26 -41 -49 -60 10 -90 -41 86 22 -20 86 -71 -77 -51 94 -49 75 -81 14 51 -44 88 70 -7 19 -26 -41
10081 25 33 48 -10 -48 94 -34 -72 10 65 77 81 -92 -96 -15 61 -38 1 57 -3 19 -80 19 13 -72 46 -71 48 -10 -48 94 -34 -72 10 65 77 81 -92 -96 -15 61 -38 1 57 -3 19 -80 19 13 -72 46 -71
10082 25 69 -23 -20 -54 4 -60 -50 50 -81 57 5 3 65 73 37 -58 63 42 78 -54 94 17 -92 94 51 -17 -23 -20 -54 4 -60 -50 50 -81 57 5 3 65 73 37 -58 63 42 78 -54 94 17 -92 94 51 -17
10083 25 3 -2 85 92 -74 -53 1 30 42 38 15 67 -77 -32 26 75 -84 -2 50 -92 80 59 -89 -30 21 -69 -2 85 92 -74 -53 1 30 42 38 15 67 -77 -32 26 75 -84 -2 50 -92 80 59 -89 -30 21 -69
10084 25 29 -18 84 99 14 94 -95 93 -71 -41 51 28 -54 -48 89 91 -87 -53 1 -76 -40 34 -38 49 -7 -38 -18 84 99 14 94 -95 93 -71 -41 51 28 -54 -48 89 91 -87 -53 1 -76 -40 34 -38 49 -7 -38
10085 25 65 -2 -53 52 46 53 94 -44 -67 22 -64 66 -63 -24 87 24 25 68 -86 9 -24 13 -89 38 -94 -88 -2 -53 52 46 53 94 -44 -67 22 -64 66 -63 -24 87 24 25 68 -86 9 -24 13 -89 38 -94 -88
10086 25 92 81 22 -96 60 59 69 -30 -76 20 40 87 33 -53 -90 37 -54 45 25 -31 -44 3 2 47 90 66 81 22 -96 60 59 69 -30 -76 20 40 87 33 -53 -90 37 -54 45 25 -31 -44 3 2 47 90 66
10087 25 40 78 50 -34 -46 -52 33 58 -68 -2 -95 -98 79 -21 -55 30 -49 82 -15 -85 56 53 -25 -87 -45 21 78 50 -34 -46 -52 33 58 -68 -2 -95 -98 79 -21 -55 30 -49 82 -15 -85 56 53 -25 -87 -45 21
10088 25 81 19 2 -61 21 -93 -24 -89 -5 55 -91 -97 -76 18 -71 -46 -37 -29 32 -12 -45 61 33 67 9 14 19 2 -61 21 -93 -24 -89 -5 55 -91 -97 -76 18 -71 -46 -37 -29 32 -12 -45 61 33 67 9 14
10089 25 79 13 45 8 29 37 -62 78 50 1 36 -41 -41 -6 89 -57 -54 18 -75 -5 -23 -97 82 41 -92 61 13 45 8 29 37 -62 78 50 1 36 -41 -41 -6 89 -57 -54 18 -75 -5 -23 -97 82 41 -92 61
10090 25 88 -65 45 6 -67 99 -72 -67 -100 34 -39 -94 55 86 73 -58 -56 46 20 -47 -96 -80 2 95 -26 13 -65 45 6 -67 99 -72 -67 -100 34 -39 -94 55 86 73 -58 -56 46 20 -47 -96 -80 2 95 -26 13
10091 27 88 96 -88 -48 -15 87 30 -10 -51 -25 41 -36 31 56 -42 -89 -10 -75 -58 78 -82 96 -60 -75 57 61 -53 -4 96 -88 -48 -15 87 30 -10 -51 -25 41 -36 31 56 -42 -89 -10 -75 -58 78 -82 96 -60 -75 57 61 -53 -4
10092 27 47 1 -27 64 24 -18 86 -92 -15 -100 6 92 -94 -92 -92 -20 -12 -83 53 -85 -100 -3 -3 -64 -33 32 -71 35 1 -27 64 24 -18 86 -92 -15 -100 6 92 -94 -92 -92 -20 -12 -83 53 -85 -100 -3 -3 -64 -33 32 -71 35
10093 27 72 -26 25 56 -63 -33 -28 71 -57 -83 -64 89 75 -39 84 -12 86 97 24 54 1 79 11 65 -89 -25 -35 4 -26 25 56 -63 -33 -28 71 -57 -83 -64 89 75 -39 84 -12 86 97 24 54 1 79 11 65 -89 -25 -35 4
10094 27 32 -64 -11 -78 34 7 -1 -64 -24 78 -16 84 -95 -88 -54 59 35 -13 -35 25 -60 58 -13 44 45 67 -31 -40 -64 -11 -78 34 7 -1 -64 -24 78 -16 84 -95 -88 -54 59 35 -13 -35 25 -60 58 -13 44 45 67 -31 -40
10095 27 85 -74 -65 26 71 -8 -8 78 -68 36 97 -90 -19 -81 -30 -68 58 55 93 28 -48 26 -29 -60 -1 75 -95 -75 -74 -65 26 71 -8 -8 78 -68 36 97 -90 -19 -81 -30 -68 58 55 93 28 -48 26 -29 -60 -1 75 -95 -75
10096 27 82 -27 66 -70 39 90 -100 92 -81 95 -85 52 8 -51 67 -48 82 52 25 59 -18 -17 -87 18 66 -70 -82 -47 -27 66 -70 39 90 -100 92 -81 95 -85 52 8 -51 67 -48 82 52 25 59 -18 -17 -87 18 66 -70 -82 -47
10097 27 50 73 -61 42 37 -52 -64 39 55 -44 -60 -37 11 58 -34 83 -64 67 48 -56 -22 78 -1 -20 -19 75 78 24 73 -61 42 37 -52 -64 39 55 -44 -60 -37 11 58 -34 83 -64 67 48 -56 -22 78 -1 -20 -19 75 78 24
10098 27 70 -60 -49 32 80 -32 -30 79 -8 77 -95 -91 -76 46 -20 -10 15 13 -69 39 32 32 -9 -87 91 -44 -41 -7 -60 -49 32 80 -32 -30 79 -8 77 -95 -91 -76 46 -20 -10 15 13 -69 39 32 32 -9 -87 91 -44 -41 -7
10099 27 30 -80 -21 70 -29 96 -53 24 18 -52 -89 84 96 -28 -21 30 -96 82 -6 40 -13 45 26 -28 8 -89 -91 11 -80 -21 70 -29 96 -53 24 18 -52 -89 84 96 -28 -21 30 -96 82 -6 40 -13 45 26 -28 8 -89 -91 11
10100 27 50 -96 25 -63 48 44 43 -49 70 -82 -39 -65 70 98 74 -41 12 -51 -85 29 -36 -19 36 -78 32 -71 -73 -23 -96 25 -63 48 44 43 -49 70 -82 -39 -65 70 98 74 -41 12 -51 -85 29 -36 -19 36 -78 32 -71 -73 -23
10101 27 66 55 -99 64 52 -18 90 -14 -80 -57 -36 89 -36 26 -72 1 -6 -49 -88 50 30 -85 98 -74 -75 37 -17 -34 55 -99 64 52 -18 90 -14 -80 -57 -36 89 -36 26 -72 1 -6 -49 -88 50 30 -85 98 -74 -75 37 -17 -34
10102 27 11 -51 85 27 -73 31 72 28 -60 -5 5 2 -42 -2 99 -87 -50 -24 -21 -31 -75 -92 -68 1 86 -98 49 -70 -51 85 27 -73 31 72 28 -60 -5 5 2 -42 -2 99 -87 -50 -24 -21 -31 -75 -92 -68 1 86 -98 49 -70
10103 27 85 78 -25 35 89 2 -58 100 -21 72 96 -90 50 69 -11 14 -13 10 -30 -43 -32 54 98 23 80 10 16 16 78 -25 35 89 2 -58 100 -21 72 96 -90 50 69 -11 14 -13 10 -30 -43 -32 54 98 23 80 10 16 16
10104 27 53 -2 -6 77 -88 -19 75 -47 -54 92 37 -61 88 37 -99 88 70 92 38 98 -33 88 86 10 -27 79 67 -92 -2 -6 77 -88 -19 75 -47 -54 92 37 -61 88 37 -99 88 70 92 38 98 -33 88 86 10 -27 79 67 -92
10105 27 26 57 -35 69 74 -78 -87 21 -38 53 -89 96 51 54 71 39 49 81 10 33 -27 -18 -46 -33 65 -46 81 -16 57 -35 69 74 -78 -87 21 -38 53 -89 96 51 54 71 39 49 81 10 33 -27 -18 -46 -33 65 -46 81 -16
10106 30 10 74 -23 -36 8 15 57 -9 -4 -22 -1 15 -100 -33 -50 32 7 -92 -36 22 -61 -72 -64 4 92 43 71 -94 -4 98 43 74 -23 -36 8 15 57 -9 -4 -22 -1 15 -100 -33 -50 32 7 -92 -36 22 -61 -72 -64 4 92 43 71 -94 -4 98 43
10107 30 92 92 -73 24 -5 -84 80 37 36 15 -30 72 66 78 -20 -76 -34 -86 14 -92 40 55 -71 -22 49 2 -67 60 47 -10 2 92 -73 24 -5 -84 80 37 36 15 -30 72 66 78 -20 -76 -34 -86 14 -92 40 55 -71 -22 49 2 -67 60 47 -10 2
10108 30 19 14 -7 38 12 -65 -61 49 77 40 -22 53 89 -10 44 -21 98 -80 -56 3 86 -48 74 12 -4 17 -32 72 -88 50 -37 14 -7 38 12 -65 -61 49 77 40 -22 53 89 -10 44 -21 98 -80 -56 3 86 -48 74 12 -4 17 -32 72 -88 50 -37
10109 30 84 -29 -68 95 -69 64 -2 40 85 45 29 -38 1 -18 -72 35 70 -20 90 -21 -61 98 -28 -11 27 -2 -46 -41 19 67 7 -29 -68 95 -69 64 -2 40 85 45 29 -38 1 -18 -72 35 70 -20 90 -21 -61 98 -28 -11 27 -2 -46 -41 19 67 7
10110 30 47 57 71 38 -37 66 63 -27 55 49 -37 63 51 3 -41 31 69 -82 51 24 56 4 -95 -14 -84 72 -61 57 70 80 -94 57 71 38 -37 66 63 -27 55 49 -37 63 51 3 -41 31 69 -82 51 24 56 4 -95 -14 -84 72 -61 57 70 80 -94
10111 30 34 -24 -6 -32 95 -21 52 -80 35 -6 31 -53 -53 39 -8 -51 -18 -24 -95 -66 63 41 28 73 -83 64 -94 69 90 -49 -12 -24 -6 -32 95 -21 52 -80 35 -6 31 -53 -53 39 -8 -51 -18 -24 -95 -66 63 41 28 73 -83 64 -94 69 90 -49 -12
10112 30 5 -93 74 90 64 15 56 21 90 30 98 -8 72 78 -3 35 36 50 -27 -25 5 20 -34 -30 1 58 -96 -67 89 -100 -50 -93 74 90 64 15 56 21 90 30 98 -8 72 78 -3 35 36 50 -27 -25 5 20 -34 -30 1 58 -96 -67 89 -100 -50
10113 30 46 57 100 -10 -29 72 73 41 10 85 -7 -61 38 6 95 -7 -31 -5 42 8 -71 -57 26 -76 68 -30 29 -89 -35 41 57 57 100 -10 -29 72 73 41 10 85 -7 -61 38 6 95 -7 -31 -5 42 8 -71 -57 26 -76 68 -30 29 -89 -35 41 57
10114 30 24 -54 -46 100 35 -71 -41 -15 -73 70 -94 -24 69 48 -4 -91 -51 7 21 -48 69 29 56 58 49 35 -44 20 -78 -95 -47 -54 -46 100 35 -71 -41 -15 -73 70 -94 -24 69 48 -4 -91 -51 7 21 -48 69 29 56 58 49 35 -44 20 -78 -95 -47
10115 30 73 -51 -41 85 -43 1 -68 69 -15 7 50 24 33 29 46 -83 89 79 -1 44 -34 2 12 -16 -89 -69 -86 83 29 55 15 -51 -41 85 -43 1 -68 69 -15 7 50 24 33 29 46 -83 89 79 -1 44 -34 2 12 -16 -89 -69 -86 83 29 55 15
10116 30 48 -81 73 9 -23 15 36 78 15 14 -64 6 77 -52 -18 -27 -34 -7 41 -64 -70 -2 15 -30 58 -72 -81 51 -8 -42 -96 -81 73 9 -23 15 36 78 15 14 -64 6 77 -52 -18 -27 -34 -7 41 -64 -70 -2 15 -30 58 -72 -81 51 -8 -42 -96
10117 30 56 75 1 -73 -56 -30 -41 -11 -61 -38 8 -6 8 -73 -51 67 -13 73 -39 40 81 -4 -79 -8 78 -8 27 22 -65 57 -65 75 1 -73 -56 -30 -41 -11 -61 -38 8 -6 8 -73 -51 67 -13 73 -39 40 81 -4 -79 -8 78 -8 27 22 -65 57 -65
10118 30 65 7 77 -93 13 -69 64 90 85 80 29 -82 30 31 78 12 -29 -25 -95 68 -13 70 -53 58 9 4 -47 34 -15 13 18 7 77 -93 13 -69 64 90 85 80 29 -82 30 31 78 12 -29 -25 -95 68 -13 70 -53 58 9 4 -47 34 -15 13 18
10119 30 21 -62 -74 68 -76 -29 -60 -68 100 58 -64 22 -89 15 -49 -37 -28 79 82 40 64 59 -22 -95 15 -78 -65 -60 39 -76 42 -62 -74 68 -76 -29 -60 -68 100 58 -64 22 -89 15 -49 -37 -28 79 82 40 64 59 -22 -95 15 -78 -65 -60 39 -76 42
10120 30 84 99 15 39 -58 29 59 88 3 -93 -31 1 -62 -93 13 -83 71 49 -99 14 10 16 -98 -74 31 -56 14 95 70 -70 -91 99 15 39 -58 29 59 88 3 -93 -31 1 -62 -93 13 -83 71 49 -99 14 10 16 -98 -74 31 -56 14 95 70 -70 -91
10001 4 17 82 82 41 42 82 82 41 42
10002 4 80 77 -21 -40 -67 77 -21 -40 -67
10003 4 53 60 -71 -49 80 60 -71 -49 80
10004 4 89 -58 80 9 -56 -58 80 9 -56
10005 4 6 -62 -17 24 -26 -62 -17 24 -26
10006 4 40 -86 -80 73 43 -86 -80 73 43
10007 4 62 45 -63 -2 -30 45 -63 -2 -30
10008 4 97 50 74 21 -38 50 74 21 -38
10009 4 74 -27 -16 61 -7 -27 -16 61 -7
10010 4 20 74 -97 38 -30 74 -97 38 -30
10011 4 36 -7 8 -14 28 -7 8 -14 28
10012 4 74 -8 -40 -98 72 -8 -40 -98 72
10013 4 79 84 -55 43 -77 84 -55 43 -77
10014 4 35 -69 -48 -38 -75 -69 -48 -38 -75
10015 4 42 16 -63 -76 -18 16 -63 -76 -18
10016 10 58 -86 97 -92 -48 29 -18 -19 -31 64 58 -86 97 -92 -48 29 -18 -19 -31 64 58
10017 10 10 -12 -70 15 82 75 -47 32 76 -81 -46 -12 -70 15 82 75 -47 32 76 -81 -46
10018 10 82 -29 -41 -77 -89 27 44 64 51 -49 98 -29 -41 -77 -89 27 44 64 51 -49 98
10019 10 37 -93 73 84 51 -87 4 -80 73 -4 -97 -93 73 84 51 -87 4 -80 73 -4 -97
10020 10 90 -11 -38 -23 -96 19 -78 68 -35 -83 93 -11 -38 -23 -96 19 -78 68 -35 -83 93
10021 10 78 22 -48 -72 6 -66 48 -48 49 36 -98 22 -48 -72 6 -66 48 -48 49 36 -98
10022 10 100 -73 -38 -60 -70 -85 -96 -41 -74 -98 31 -73 -38 -60 -70 -85 -96 -41 -74 -98 31
10023 10 64 -49 84 -15 82 59 55 51 97 -20 -30 -49 84 -15 82 59 55 51 97 -20 -30
10024 10 96 -20 86 58 -27 -61 100 39 72 -73 33 -20 86 58 -27 -61 100 39 72 -73 33
10025 10 70 -88 54 87 -46 44 15 -88 -63 26 85 -88 54 87 -46 44 15 -88 -63 26 85
10026 10 96 16 98 -82 34 46 -53 -38 87 -86 97 16 98 -82 34 46 -53 -38 87 -86 97
10027 10 83 49 43 -50 80 88 -59 77 24 -25 -38 49 43 -50 80 88 -59 77 24 -25 -38
10028 10 5 -93 100 -91 82 64 27 -37 -18 76 53 -93 100 -91 82 64 27 -37 -18 76 53
10029 10 99 6 66 -66 -24 -85 82 27 16 -64 -36 6 66 -66 -24 -85 82 27 16 -64 -36
10030 10 67 99 49 -89 43 71 -15 -39 -86 64 -72 99 49 -89 43 71 -15 -39 -86 64 -72
10031 15 45 -10 -78 -74 -86 -32 68 13 21 -40 -95 75 -65 -64 76 16 -10 -78 -74 -86 -32 68 13 21 -40 -95 75 -65 -64 76 16
10032 15 13 83 -69 -8 55 93 -18 -1 -22 -25 39 94 -84 -30 -23 58 83 -69 -8 55 93 -18 -1 -22 -25 39 94 -84 -30 -23 58
10033 15 50 51 -67 -94 -44 39 -83 94 12 -71 32 -32 16 -9 -17 37 51 -67 -94 -44 39 -83 94 12 -71 32 -32 16 -9 -17 37
10034 15 12 -21 -78 -18 -30 6 -78 -19 -54 -55 52 9 11 -68 -70 -22 -21 -78 -18 -30 6 -78 -19 -54 -55 52 9 11 -68 -70 -22
10035 15 57 82 -25 37 79 92 -24 -7 -75 -94 79 25 -21 82 -83 55 82 -25 37 79 92 -24 -7 -75 -94 79 25 -21 82 -83 55
10036 15 65 93 -82 97 -48 45 21 41 -34 -17 46 -86 37 -74 -35 -79 93 -82 97 -48 45 21 41 -34 -17 46 -86 37 -74 -35 -79
10037 15 38 -11 -60 -50 79 -25 -99 -39 84 -42 -84 -74 -79 -15 72 18 -11 -60 -50 79 -25 -99 -39 84 -42 -84 -74 -79 -15 72 18
10038 15 93 42 -92 1 -87 -8 -34 93 -24 -97 36 67 -45 44 -62 -5 42 -92 1 -87 -8 -34 93 -24 -97 36 67 -45 44 -62 -5
10039 15 78 81 60 83 -13 96 -40 1 -35 45 -40 38 -14 33 -13 -9 81 60 83 -13 96 -40 1 -35 45 -40 38 -14 33 -13 -9
10040 15 87 -57 14 21 -67 99 -27 15 -20 -25 -77 -60 39 -88 73 -92 -57 14 21 -67 99 -27 15 -20 -25 -77 -60 39 -88 73 -92
10041 15 67 -39 -1 11 -87 -53 87 31 -19 -77 -29 -4 97 -70 -50 -69 -39 -1 11 -87 -53 87 31 -19 -77 -29 -4 97 -70 -50 -69
10042 15 14 -3 11 43 -35 88 79 45 73 -3 33 44 94 22 -25 23 -3 11 43 -35 88 79 45 73 -3 33 44 94 22 -25 23
10043 15 31 -4 -56 -85 4 -20 50 -100 35 23 18 34 28 4 76 69 -4 -56 -85 4 -20 50 -100 35 23 18 34 28 4 76 69
10044 15 68 -11 77 -91 -73 81 99 -17 9 28 -58 -10 -62 80 -58 -54 -11 77 -91 -73 81 99 -17 9 28 -58 -10 -62 80 -58 -54
10045 15 35 96 -62 14 -58 -63 93 -59 -58 -43 3 -46 84 -92 -72 91 96 -62 14 -58 -63 93 -59 -58 -43 3 -46 84 -92 -72 91
10046 20 13 -68 -57 -61 -2 -36 -54 40 23 33 63 58 -26 75 -19 -50 68 -32 10 24 -87 -68 -57 -61 -2 -36 -54 40 23 33 63 58 -26 75 -19 -50 68 -32 10 24 -87
10047 20 78 -85 6 -17 2 81 -92 -57 96 22 67 100 80 61 -94 12 -31 35 41 -46 86 -85 6 -17 2 81 -92 -57 96 22 67 100 80 61 -94 12 -31 35 41 -46 86
10048 20 23 -85 53 -50 5 -76 -22 -11 49 28 -48 10 -8 4 -13 -68 -78 48 54 -40 -20 -85 53 -50 5 -76 -22 -11 49 28 -48 10 -8 4 -13 -68 -78 48 54 -40 -20
10049 20 84 -90 -18 -72 60 44 -34 -88 -96 10 -90 -94 -66 74 -45 -37 26 87 -82 -33 -80 -90 -18 -72 60 44 -34 -88 -96 10 -90 -94 -66 74 -45 -37 26 87 -82 -33 -80
10050 20 69 -91 81 -92 -52 43 -18 -29 -97 28 33 -31 49 -20 50 36 3 100 -10 82 -25 -91 81 -92 -52 43 -18 -29 -97 28 33 -31 49 -20 50 36 3 100 -10 82 -25
10051 20 58 -3 81 45 -34 -90 -72 -54 -23 88 -61 91 61 31 -38 -1 -94 85 38 -56 -62 -3 81 45 -34 -90 -72 -54 -23 88 -61 91 61 31 -38 -1 -94 85 38 -56 -62
10052 20 44 13 1 98 -91 -12 53 -63 8 -34 -55 81 54 -75 -70 59 -7 65 30 -65 -20 13 1 98 -91 -12 53 -63 8 -34 -55 81 54 -75 -70 59 -7 65 30 -65 -20
10053 20 62 -43 -95 7 87 -39 -9 99 7 -51 -10 40 55 10 -78 -88 -87 57 -27 -93 -83 -43 -95 7 87 -39 -9 99 7 -51 -10 40 55 10 -78 -88 -87 57 -27 -93 -83
10054 20 19 -78 34 23 21 -68 30 38 -62 -8 -83 -3 -1 92 -80 -51 -15 -85 -48 -47 -28 -78 34 23 21 -68 30 38 -62 -8 -83 -3 -1 92 -80 -51 -15 -85 -48 -47 -28
10055 20 9 -41 23 80 44 1 38 14 89 -32 90 -7 79 -18 80 -58 -69 5 24 -85 26 -41 23 80 44 1 38 14 89 -32 90 -7 79 -18 80 -58 -69 5 24 -85 26
10056 20 47 -83 -11 -98 -48 -26 84 -26 51 37 -83 -10 -49 -55 10 -50 84 46 41 -84 -31 -83 -11 -98 -48 -26 84 -26 51 37 -83 -10 -49 -55 10 -50 84 46 41 -84 -31
10057 20 12 -69 10 -37 68 94 51 -8 -27 -58 -6 -56 -83 25 -50 65 41 -92 -76 35 -1 -69 10 -37 68 94 51 -8 -27 -58 -6 -56 -83 25 -50 65 41 -92 -76 35 -1
10058 20 22 -33 -18 28 65 -60 99 -32 -11 -40 65 5 57 34 34 -24 -52 -39 -90 59 -32 -33 -18 28 65 -60 99 -32 -11 -40 65 5 57 34 34 -24 -52 -39 -90 59 -32
10059 20 96 -27 35 -8 14 82 -42 26 -20 43 84 69 14 56 -15 -80 -27 -13 -24 80 -69 -27 35 -8 14 82 -42 26 -20 43 84 69 14 56 -15 -80 -27 -13 -24 80 -69
10060 20 98 -43 -49 89 24 -10 -36 53 27 78 92 -76 -96 94 -63 43 -86 -46 92 -72 70 -43 -49 89 24 -10 -36 53 27 78 92 -76 -96 94 -63 43 -86 -46 92 -72 70
10061 22 10 61 -48 95 12 -48 86 63 -19 53 -64 32 95 60 50 87 21 -53 -59 100 -95 26 -57 61 -48 95 12 -48 86 63 -19 53 -64 32 95 60 50 87 21 -53 -59 100 -95 26 -57
10062 22 44 -87 -66 70 44 -29 88 -37 51 -6 -44 39 -65 -80 39 -75 -23 -84 22 24 12 -74 -4 -87 -66 70 44 -29 88 -37 51 -6 -44 39 -65 -80 39 -75 -23 -84 22 24 12 -74 -4
10063 22 44 -34 -1 -27 36 -88 72 71 -2 -7 9 -56 -80 76 50 -57 93 74 41 79 24 99 46 -34 -1 -27 36 -88 72 71 -2 -7 9 -56 -80 76 50 -57 93 74 41 79 24 99 46
10064 22 24 98 5 -64 -16 63 -14 -28 36 18 -76 79 -13 36 -29 -66 96 -66 73 -75 51 36 -97 98 5 -64 -16 63 -14 -28 36 18 -76 79 -13 36 -29 -66 96 -66 73 -75 51 36 -97
10065 22 89 81 11 -51 -73 -100 -28 -65 -54 90 31 -56 -53 26 -23 -91 89 63 71 6 -86 -21 -63 81 11 -51 -73 -100 -28 -65 -54 90 31 -56 -53 26 -23 -91 89 63 71 6 -86 -21 -63
10066 22 59 -85 -24 79 58 -66 94 -41 28 -26 -49 -88 -97 -45 53 9 24 -58 -8 70 63 -8 75 -85 -24 79 58 -66 94 -41 28 -26 -49 -88 -97 -45 53 9 24 -58 -8 70 63 -8 75
10067 22 6 -68 -58 31 -59 -42 23 13 -84 34 59 30 -50 -33 19 -33 -6 53 -77 90 -6 -39 -21 -68 -58 31 -59 -42 23 13 -84 34 59 30 -50 -33 19 -33 -6 53 -77 90 -6 -39 -21
10068 22 16 -22 3 82 89 -63 -28 -22 32 93 14 92 93 48 -84 71 -28 -70 57 -19 84 64 47 -22 3 82 89 -63 -28 -22 32 93 14 92 93 48 -84 71 -28 -70 57 -19 84 64 47
10069 22 76 65 12 56 60 -34 -55 99 43 45 48 -27 -24 -19 -83 -18 61 -24 -9 -8 -98 -33 79 65 12 56 60 -34 -55 99 43 45 48 -27 -24 -19 -83 -18 61 -24 -9 -8 -98 -33 79
10070 22 98 24 -92 -55 72 87 -92 65 -63 50 -19 45 6 9 -48 82 3 98 93 -42 39 91 55 24 -92 -55 72 87 -92 65 -63 50 -19 45 6 9 -48 82 3 98 93 -42 39 91 55
10071 22 11 73 -6 -14 12 13 -59 21 -3 29 -37 -84 100 -20 -24 40 -79 -37 44 -16 -3 -51 -80 73 -6 -14 12 13 -59 21 -3 29 -37 -84 100 -20 -24 40 -79 -37 44 -16 -3 -51 -80
10072 22 57 -82 73 -13 14 -30 98 42 38 80 15 -66 21 -58 94 -33 88 -48 -39 25 68 -94 57 -82 73 -13 14 -30 98 42 38 80 15 -66 21 -58 94 -33 88 -48 -39 25 68 -94 57
10073 22 32 42 17 -4 -68 -94 -5 -100 -37 -53 13 -34 -79 -79 -47 -35 30 65 -60 -9 79 58 91 42 17 -4 -68 -94 -5 -100 -37 -53 13 -34 -79 -79 -47 -35 30 65 -60 -9 79 58 91
10074 22 56 -17 22 -21 81 7 -87 52 49 -32 61 -73 -48 55 -34 66 -97 -69 -69 53 -28 51 18 -17 22 -21 81 7 -87 52 49 -32 61 -73 -48 55 -34 66 -97 -69 -69 53 -28 51 18
10075 22 77 29 -86 41 65 8 14 -86 37 49 -49 -24 -37 -69 51 46 1 -65 55 -75 92 -98 49 29 -86 41 65 8 14 -86 37 49 -49 -24 -37 -69 51 46 1 -65 55 -75 92 -98 49
10076 25 40 96 -3 -74 -97 92 -11 -97 -15 -63 17 -43 -53 83 37 -81 10 39 23 -25 33 13 58 -88 -59 87 96 -3 -74 -97 92 -11 -97 -15 -63 17 -43 -53 83 37 -81 10 39 23 -25 33 13 58 -88 -59 87
10077 25 49 -14 89 66 -100 82 55 80 -20 -18 74 -25 17 -97 -49 80 69 8 -54 68 24 -16 -77 -24 68 94 -14 89 66 -100 82 55 80 -20 -18 74 -25 17 -97 -49 80 69 8 -54 68 24 -16 -77 -24 68 94
10078 25 1 -10 -43 -56 80 94 11 71 84 85 72 -50 -71 88 -61 3 84 -88 10 41 95 -71 -95 33 82 -17 -10 -43 -56 80 94 11 71 84 85 72 -50 -71 88 -61 3 84 -88 10 41 95 -71 -95 33 82 -17
10079 25 21 24 -27 84 -50 54 83 81 98 3 31 -86 -80 -27 -7 -1 -88 100 13 7 94 50 22 -48 -76 40 24 -27 84 -50 54 83 81 98 3 31 -86 -80 -27 -7 -1 -88 100 13 7 94 50 22 -48 -76 40
10080 25 20 57 87 -92 55 -88 -50 -65 -60 98 -99 78 13 -90 -27 -82 78 -19 61 38 -99 -87 87 87 46 -58 57 87 -92 55 -88 -50 -65 -60 98 -99 78 13 -90 -27 -82 78 -19 61 38 -99 -87 87 87 46 -58
10081 25 46 76 66 23 -51 -65 -71 56 -55 -41 -69 54 -36 35 75 19 -93 19 27 40 89 1 -63 -94 -34 61 76 66 23 -51 -65 -71 56 -55 -41 -69 54 -36 35 75 19 -93 19 27 40 89 1 -63 -94 -34 61
10082 25 83 -2 -31 -11 25 90 -34 -63 -80 -11 -14 47 6 66 -63 22 8 55 43 -15 13 -11 71 -9 -63 -2 -2 -31 -11 25 90 -34 -63 -80 -11 -14 47 6 66 -63 22 8 55 43 -15 13 -11 71 -9 -63 -2
10083 25 69 84 53 -16 17 28 -25 21 -53 17 -75 83 89 48 56 55 -25 -66 -41 -95 30 63 38 -74 -60 68 84 53 -16 17 28 -25 21 -53 17 -75 83 89 48 56 55 -25 -66 -41 -95 30 63 38 -74 -60 68
10084 25 77 24 -58 -44 -32 42 -3 53 70 -93 63 44 45 -87 4 -33 -50 31 38 -63 32 29 84 -74 29 -7 24 -58 -44 -32 42 -3 53 70 -93 63 44 45 -87 4 -33 -50 31 38 -63 32 29 84 -74 29 -7
10085 25 19 -93 -73 -13 -27 94 70 12 31 96 -74 -33 -41 -33 40 59 74 -79 97 19 -64 79 -80 49 -35 -22 -93 -73 -13 -27 94 70 12 31 96 -74 -33 -41 -33 40 59 74 -79 97 19 -64 79 -80 49 -35 -22
10086 25 95 44 -45 -27 93 7 -40 94 -44 61 78 -27 5 76 -28 22 -92 -14 -75 24 -24 95 -41 -62 63 -76 44 -45 -27 93 7 -40 94 -44 61 78 -27 5 76 -28 22 -92 -14 -75 24 -24 95 -41 -62 63 -76
10087 25 25 89 78 9 56 -44 -31 53 77 44 69 -63 4 -90 -3 -52 -90 -92 13 67 -86 3 3 56 46 29 89 78 9 56 -44 -31 53 77 44 69 -63 4 -90 -3 -52 -90 -92 13 67 -86 3 3 56 46 29
10088 25 85 19 87 98 58 6 -40 -72 -55 -55 -77 -49 -10 -93 46 38 85 70 62 24 79 -75 -61 -90 76 82 19 87 98 58 6 -40 -72 -55 -55 -77 -49 -10 -93 46 38 85 70 62 24 79 -75 -61 -90 76 82
10089 25 81 11 -33 75 30 -2 63 -95 -42 7 84 -3 37 43 8 28 58 -74 31 99 -68 -23 -62 30 -13 58 11 -33 75 30 -2 63 -95 -42 7 84 -3 37 43 8 28 58 -74 31 99 -68 -23 -62 30 -13 58
10090 25 38 61 -92 64 -16 42 -86 -19 15 1 13 57 70 -37 -81 60 -17 -62 77 -15 -54 83 -95 -69 21 -50 61 -92 64 -16 42 -86 -19 15 1 13 57 70 -37 -81 60 -17 -62 77 -15 -54 83 -95 -69 21 -50
10091 27 28 29 68 82 -18 31 94 -94 -17 38 -71 57 -98 46 -13 91 -33 97 15 29 35 16 12 57 98 14 -36 -2 29 68 82 -18 31 94 -94 -17 38 -71 57 -98 46 -13 91 -33 97 15 29 35 16 12 57 98 14 -36 -2
10092 27 4 100 39 70 -96 41 59 -32 -78 71 -67 69 -69 -56 16 29 48 -75 82 36 -11 49 21 1 -48 89 -69 -21 100 39 70 -96 41 59 -32 -78 71 -67 69 -69 -56 16 29 48 -75 82 36 -11 49 21 1 -48 89 -69 -21
10093 27 30 31 -27 -12 21 64 31 21 44 -28 80 94 84 3 -69 -95 83 -72 12 86 34 43 31 -45 74 33 82 53 31 -27 -12 21 64 31 21 44 -28 80 94 84 3 -69 -95 83 -72 12 86 34 43 31 -45 74 33 82 53
10094 27 76 -1 -76 1 26 60 -88 -52 57 -65 54 -82 -35 84 35 -40 10 -30 20 55 83 -22 -7 76 -80 -10 38 -88 -1 -76 1 26 60 -88 -52 57 -65 54 -82 -35 84 35 -40 10 -30 20 55 83 -22 -7 76 -80 -10 38 -88
10095 27 84 -71 98 8 89 -46 61 -31 -14 -25 -80 -15 -99 -48 -9 -35 78 21 62 -75 81 82 1 -37 -83 -85 32 36 -71 98 8 89 -46 61 -31 -14 -25 -80 -15 -99 -48 -9 -35 78 21 62 -75 81 82 1 -37 -83 -85 32 36
10096 27 34 70 -61 79 -41 -53 20 83 33 -85 26 1 -25 18 -93 18 -98 27 10 49 83 -53 -75 40 -24 51 30 52 70 -61 79 -41 -53 20 83 33 -85 26 1 -25 18 -93 18 -98 27 10 49 83 -53 -75 40 -24 51 30 52
10097 27 73 21 -56 68 8 -23 -49 -14 77 40 -37 88 -64 97 20 79 12 67 -52 60 16 21 11 46 42 78 -69 60 21 -56 68 8 -23 -49 -14 77 40 -37 88 -64 97 20 79 12 67 -52 60 16 21 11 46 42 78 -69 60
10098 27 82 -69 -71 -37 -7 -26 3 -72 -67 -24 89 -98 5 -79 -42 41 17 -90 43 71 -68 -49 32 -100 75 20 -7 15 -69 -71 -37 -7 -26 3 -72 -67 -24 89 -98 5 -79 -42 41 17 -90 43 71 -68 -49 32 -100 75 20 -7 15
10099 27 45 -69 -19 3 -36 13 -89 56 56 -89 7 -82 92 -43 35 61 25 90 -47 92 -13 -60 7 71 -79 85 -7 73 -69 -19 3 -36 13 -89 56 56 -89 7 -82 92 -43 35 61 25 90 -47 92 -13 -60 7 71 -79 85 -7 73
10100 27 65 -86 98 71 9 -76 25 -19 -45 70 76 -32 33 6 60 -21 12 40 61 -42 59 -37 51 69 56 -11 26 1 -86 98 71 9 -76 25 -19 -45 70 76 -32 33 6 60 -21 12 40 61 -42 59 -37 51 69 56 -11 26 1
10101 27 83 36 -1 11 -56 -88 30 -13 52 98 17 -64 40 -73 94 14 -58 -71 53 -79 28 -95 12 54 62 23 -51 -75 36 -1 11 -56 -88 30 -13 52 98 17 -64 40 -73 94 14 -58 -71 53 -79 28 -95 12 54 62 23 -51 -75
10102 27 93 83 14 -100 47 -9 67 -56 -34 -92 -95 69 -98 -100 -52 12 41 23 42 26 -53 -85 -58 33 69 54 -47 -61 83 14 -100 47 -9 67 -56 -34 -92 -95 69 -98 -100 -52 12 41 23 42 26 -53 -85 -58 33 69 54 -47 -61
10103 27 28 -48 -52 10 90 -16 -22 -50 -8 -35 30 -72 87 76 -81 -59 90 -90 17 -35 -81 -71 -14 87 63 -62 97 40 -48 -52 10 90 -16 -22 -50 -8 -35 30 -72 87 76 -81 -59 90 -90 17 -35 -81 -71 -14 87 63 -62 97 40
10104 27 2 90 -19 -37 46 80 -12 63 34 -41 14 13 13 -12 -21 89 -55 -6 1 -96 15 -40 -55 -40 -78 -5 34 90 90 -19 -37 46 80 -12 63 34 -41 14 13 13 -12 -21 89 -55 -6 1 -96 15 -40 -55 -40 -78 -5 34 90
10105 27 59 -69 -71 -44 37 -18 42 -88 61 -72 48 -27 -4 -42 -73 -76 -86 -1 30 35 66 83 -39 65 91 -57 -48 75 -69 -71 -44 37 -18 42 -88 61 -72 48 -27 -4 -42 -73 -76 -86 -1 30 35 66 83 -39 65 91 -57 -48 75
10106 30 60 58 41 -3 -89 24 63 99 40 -43 33 69 72 26 -63 -50 -16 -15 -40 21 -66 -60 -56 -59 34 62 -15 -71 -28 3 -25 58 41 -3 -89 24 63 99 40 -43 33 69 72 26 -63 -50 -16 -15 -40 21 -66 -60 -56 -59 34 62 -15 -71 -28 3 -25
10107 30 9 -57 -54 19 66 -14 73 -33 -27 -53 -57 51 54 80 95 -73 10 60 36 -83 69 44 -54 1 -95 -65 22 -3 61 -56 3 -57 -54 19 66 -14 73 -33 -27 -53 -57 51 54 80 95 -73 10 60 36 -83 69 44 -54 1 -95 -65 22 -3 61 -56 3
10108 30 17 -39 23 -57 -85 -33 -89 -64 84 11 -10 21 66 90 -25 -97 22 97 -41 57 -21 4 -6 -60 -17 -23 42 -58 41 -48 58 -39 23 -57 -85 -33 -89 -64 84 11 -10 21 66 90 -25 -97 22 97 -41 57 -21 4 -6 -60 -17 -23 42 -58 41 -48 58
10109 30 62 -70 48 29 34 -7 -30 64 -71 -35 -27 14 57 -17 -85 34 -22 -69 81 -56 -98 -83 55 68 69 21 75 11 -35 -20 -25 -70 48 29 34 -7 -30 64 -71 -35 -27 14 57 -17 -85 34 -22 -69 81 -56 -98 -83 55 68 69 21 75 11 -35 -20 -25
10110 30 55 -98 -24 93 84 3 -35 11 -99 -62 -54 -7 33 -36 27 57 -48 48 -45 89 62 -96 3 -92 -33 -74 44 -87 -38 -23 35 -98 -24 93 84 3 -35 11 -99 -62 -54 -7 33 -36 27 57 -48 48 -45 89 62 -96 3 -92 -33 -74 44 -87 -38 -23 35
10111 30 90 -1 67 77 -29 -38 -59 -92 -32 26 -1 -100 -78 41 43 31 -96 -73 4 78 -2 -34 -55 -24 31 55 -81 69 -30 -68 27 -1 67 77 -29 -38 -59 -92 -32 26 -1 -100 -78 41 43 31 -96 -73 4 78 -2 -34 -55 -24 31 55 -81 69 -30 -68 27
10112 30 75 3 33 -42 85 -5 -10 -82 -76 90 -34 -16 14 -65 -51 69 -81 -4 98 -30 -76 -5 48 -59 -54 -63 76 -17 73 -98 -51 3 33 -42 85 -5 -10 -82 -76 90 -34 -16 14 -65 -51 69 -81 -4 98 -30 -76 -5 48 -59 -54 -63 76 -17 73 -98 -51
10113 30 2 -21 1 -57 98 -63 21 30 -80 90 -80 48 -25 -3 -83 -11 76 7 18 94 -80 -65 -91 -73 -96 -12 59 52 67 100 80 -21 1 -57 98 -63 21 30 -80 90 -80 48 -25 -3 -83 -11 76 7 18 94 -80 -65 -91 -73 -96 -12 59 52 67 100 80
10114 30 6 64 29 35 -45 30 -75 20 -83 -20 22 -46 5 11 -5 14 34 78 72 -45 88 81 22 -27 88 42 -10 74 -16 57 87 64 29 35 -45 30 -75 20 -83 -20 22 -46 5 11 -5 14 34 78 72 -45 88 81 22 -27 88 42 -10 74 -16 57 87
10115 30 82 95 -36 50 79 -10 78 -20 -87 -35 -100 46 -73 85 -23 66 38 80 60 13 -62 -94 69 -67 -26 76 -75 -90 -97 -95 60 95 -36 50 79 -10 78 -20 -87 -35 -100 46 -73 85 -23 66 38 80 60 13 -62 -94 69 -67 -26 76 -75 -90 -97 -95 60
10116 30 45 -26 -18 -67 91 61 -13 -53 -83 -60 34 50 -47 95 -55 -82 -91 49 -74 9 12 -31 -65 40 10 34 -19 49 76 -87 -44 -26 -18 -67 91 61 -13 -53 -83 -60 34 50 -47 95 -55 -82 -91 49 -74 9 12 -31 -65 40 10 34 -19 49 76 -87 -44
10117 30 4 94 -16 -91 68 -35 -96 -24 25 80 -100 -31 91 76 30 70 -52 -7 -16 2 94 17 65 -58 45 13 -83 31 39 53 -82 94 -16 -91 68 -35 -96 -24 25 80 -100 -31 91 76 30 70 -52 -7 -16 2 94 17 65 -58 45 13 -83 31 39 53 -82
10118 30 55 88 -43 64 90 -90 99 -41 15 -34 72 80 -1 65 39 37 70 -12 10 -94 -51 -86 -66 1 -7 -20 -66 49 98 3 -25 88 -43 64 90 -90 99 -41 15 -34 72 80 -1 65 39 37 70 -12 10 -94 -51 -86 -66 1 -7 -20 -66 49 98 3 -25
10119 30 72 -52 79 92 -90 98 71 -62 -26 43 -17 38 -75 -85 31 46 58 -99 3 -34 11 44 25 80 -30 -7 26 -40 6 60 20 -52 79 92 -90 98 71 -62 -26 43 -17 38 -75 -85 31 46 58 -99 3 -34 11 44 25 80 -30 -7 26 -40 6 60 20
10120 30 65 -19 -30 69 -9 -98 -16 -17 -93 -11 -98 47 -5 -54 -52 -11 -90 61 -76 49 1 22 61 -10 -98 -25 50 97 -64 -59 2 -19 -30 69 -9 -98 -16 -17 -93 -11 -98 47 -5 -54 -52 -11 -90 61 -76 49 1 22 61 -10 -98 -25 50 97 -64 -59 2
