(9000, [1, 1, 0, 1], -1, 473, 'optimal solution')
(9001, [0, 0, 1, 1], -1, 326, 'optimal solution')
(9002, [1, 0, 0, 0], -1, 196, 'optimal solution')
(9003, [1, 1, 0, 1], -1, 545, 'optimal solution')
(9004, [0, 0, 0, 1], -1, 243, 'optimal solution')
(9005, [1, 1, 1, 1], -1, 563, 'optimal solution')
(9006, [0, 1, 1, 1], -1, 410, 'optimal solution')
(9007, [1, 1, 0, 1], -1, 375, 'optimal solution')
(9008, [1, 0, 0, 0], -1, 235, 'optimal solution')
(9009, [1, 0, 0, 1], -1, 224, 'optimal solution')
(9010, [0, 1, 0, 1], -1, 297, 'optimal solution')
(9011, [1, 0, 0, 1], -1, 459, 'optimal solution')
(9012, [1, 1, 1, 0], -1, 325, 'optimal solution')
(9013, [1, 1, 0, 1], -1, 431, 'optimal solution')
(9014, [0, 1, 1, 1], -1, 472, 'optimal solution')
(9015, [0, 1, 1, 0], -1, 230, 'optimal solution')
(9016, [1, 1, 0, 1], -1, 452, 'optimal solution')
(9017, [1, 1, 0, 0], -1, 306, 'optimal solution')
(9018, [0, 1, 1, 1], -1, 483, 'optimal solution')
(9019, [0, 1, 0, 0], -1, 227, 'optimal solution')
(9020, [1, 0, 0, 0], -1, 229, 'optimal solution')
(9021, [1, 1, 1, 1], -1, 496, 'optimal solution')
(9022, [1, 0, 1, 0], -1, 286, 'optimal solution')
(9023, [1, 1, 0, 1], -1, 387, 'optimal solution')
(9024, [0, 1, 1, 0], -1, 393, 'optimal solution')
(9025, [1, 0, 1, 0], -1, 295, 'optimal solution')
(9026, [1, 1, 1, 0], -1, 512, 'optimal solution')
(9027, [0, 1, 0, 1], -1, 184, 'optimal solution')
(9028, [0, 1, 0, 1], -1, 317, 'optimal solution')
(9029, [1, 1, 0, 1], -1, 372, 'optimal solution')
(9030, [0, 1, 0, 1], -1, 296, 'optimal solution')
(9031, [1, 0, 0, 1], -1, 309, 'optimal solution')
(9032, [1, 0, 1, 1], -1, 501, 'optimal solution')
(9033, [1, 0, 1, 1], -1, 100, 'optimal solution')
(9034, [1, 0, 0, 0], -1, 253, 'optimal solution')
(9035, [1, 1, 0, 1], -1, 585, 'optimal solution')
(9036, [1, 1, 1, 1], -1, 584, 'optimal solution')
(9037, [1, 1, 0, 0], -1, 231, 'optimal solution')
(9038, [1, 1, 0, 0], -1, 251, 'optimal solution')
(9039, [0, 0, 0, 1], -1, 159, 'optimal solution')
(9040, [1, 1, 0, 1], -1, 314, 'optimal solution')
(9041, [1, 0, 1, 1], -1, 401, 'optimal solution')
(9042, [1, 1, 0, 1], -1, 437, 'optimal solution')
(9043, [0, 1, 1, 1], -1, 398, 'optimal solution')
(9044, [1, 0, 1, 1], -1, 505, 'optimal solution')
(9045, [0, 1, 1, 0], -1, 319, 'optimal solution')
(9046, [1, 1, 1, 0], -1, 217, 'optimal solution')
(9047, [1, 1, 0, 1], -1, 330, 'optimal solution')
(9048, [1, 1, 0, 1], -1, 254, 'optimal solution')
(9049, [0, 1, 1, 1], -1, 462, 'optimal solution')
(9000, [1, 1, 1, 1], -1, 136, 'optimal solution')
(10001, [0, 1, 0, 1], -1, 108, 'optimal solution')
(10002, [1, 1, 1, 1], -1, 180, 'optimal solution')
(10003, [1, 1, 0, 1], -1, 271, 'optimal solution')
(10004, [1, 0, 1, 0], -1, 158, 'optimal solution')
(10005, [1, 0, 0, 0], -1, 64, 'optimal solution')
(10006, [1, 0, 1, 0], -1, 58, 'optimal solution')
(10007, [0, 0, 0, 0], -1, 0, 'optimal solution')
(10008, [0, 0, 0, 0], -1, 0, 'optimal solution')
(10009, [0, 0, 0, 0], -1, 0, 'optimal solution')
(10010, [0, 1, 0, 1], -1, 26, 'optimal solution')
(10011, [0, 0, 0, 0], -1, 0, 'optimal solution')
(10012, [0, 1, 0, 1], -1, 68, 'optimal solution')
(10013, [0, 0, 0, 0], -1, 0, 'optimal solution')
(10014, [1, 0, 1, 0], -1, 126, 'optimal solution')
(10015, [0, 1, 0, 1], -1, 54, 'optimal solution')
(10016, [0, 0, 1, 0, 0, 0, 0, 1, 0, 0], -1, 198, 'optimal solution')
(10017, [0, 0, 0, 1, 1, 1, 0, 0, 1, 0], -1, 130, 'optimal solution')
(10018, [0, 0, 0, 0, 1, 0, 0, 0, 1, 1], -1, 150, 'optimal solution')
(10019, [0, 1, 0, 1, 1, 0, 1, 0, 1, 1], -1, 188, 'optimal solution')
(10020, [0, 1, 0, 1, 0, 0, 1, 0, 1, 1], -1, 18, 'optimal solution')
(10001, [0, 0, 0, 0], -1, 0, 'optimal solution')
(10002, [0, 0, 0, 0], -1, 0, 'optimal solution')
(10003, [1, 0, 0, 0], -1, 36, 'optimal solution')
(10004, [1, 0, 0, 0], -1, 61, 'optimal solution')
(10005, [1, 0, 1, 0], -1, 116, 'optimal solution')
(10006, [0, 0, 0, 0], -1, 0, 'optimal solution')
(10007, [1, 0, 1, 0], -1, 34, 'optimal solution')
(10008, [0, 0, 0, 0], -1, 0, 'optimal solution')
(10009, [1, 1, 1, 1], -1, 146, 'optimal solution')
(10010, [1, 0, 0, 0], -1, 16, 'optimal solution')
(10011, [1, 1, 1, 1], -1, 80, 'optimal solution')
(10012, [1, 1, 1, 1], -1, 172, 'optimal solution')
(10013, [0, 1, 0, 1], -1, 200, 'optimal solution')
(10014, [0, 0, 0, 0], -1, 0, 'optimal solution')
(10015, [0, 0, 0, 0], -1, 0, 'optimal solution')
(10016, [1, 1, 0, 1, 1, 0, 1, 0, 1, 1], -1, 287, 'optimal solution')
(10017, [1, 0, 0, 0, 0, 1, 0, 0, 0, 0], -1, 200, 'optimal solution')
(10018, [1, 1, 1, 1, 1, 1, 1, 1, 1, 1], -1, 438, 'optimal solution')
(10019, [1, 0, 1, 0, 1, 1, 0, 1, 0, 1], -1, 294, 'optimal solution')
(10020, [0, 1, 1, 1, 0, 0, 1, 1, 1, 0], -1, 412, 'optimal solution')
(10021, [0, 1, 1, 1, 0, 0, 0, 1, 0, 0], -1, 190, 'optimal solution')
(10022, [0, 0, 1, 0, 1, 0, 0, 1, 0, 0], -1, 89, 'optimal solution')
(10023, [1, 0, 0, 1, 1, 1, 0, 0, 1, 1], -1, 376, 'optimal solution')
(10024, [1, 0, 0, 1, 1, 1, 0, 0, 1, 1], -1, 538, 'optimal solution')
(10025, [1, 0, 0, 1, 1, 1, 0, 0, 1, 0], -1, 249, 'optimal solution')
(10026, [0, 1, 0, 1, 1, 0, 1, 0, 1, 1], -1, 234, 'optimal solution')
(10027, [0, 0, 1, 1, 1, 0, 0, 1, 1, 1], -1, 228, 'optimal solution')
(10028, [0, 1, 1, 1, 0, 0, 1, 1, 1, 0], -1, 190, 'optimal solution')
(10029, [0, 0, 1, 1, 0, 0, 0, 1, 1, 0], -1, 146, 'optimal solution')
(10030, [0, 1, 0, 0, 1, 0, 1, 0, 0, 1], -1, 142, 'optimal solution')
(10031, [0, 1, 1, 0, 1, 1, 0, 0, 0, 1, 0, 1, 0, 1, 1], -1, 303, 'optimal solution')
(10032, [1, 0, 1, 0, 1, 0, 1, 1, 0, 0, 0, 0, 1, 1, 0], -1, 242, 'optimal solution')
(10033, [1, 0, 0, 0, 1, 0, 1, 1, 0, 1, 1, 0, 0, 1, 0], -1, 315, 'optimal solution')
(10034, [0, 0, 1, 0, 0, 1, 1, 1, 1, 0, 1, 1, 0, 0, 0], -1, 518, 'optimal solution')
(10035, [1, 1, 1, 1, 0, 1, 1, 0, 0, 0, 0, 0, 1, 1, 0], -1, 401, 'optimal solution')
(10036, [1, 1, 1, 1, 0, 0, 0, 1, 0, 1, 0, 0, 0, 0, 1], -1, 411, 'optimal solution')
(10037, [0, 0, 0, 0, 1, 1, 1, 0, 1, 1, 1, 1, 0, 0, 1], -1, 483, 'optimal solution')
(10038, [1, 1, 1, 0, 0, 0, 0, 0, 0, 0, 1, 1, 0, 0, 0], -1, 193, 'optimal solution')
(10039, [1, 1, 1, 1, 0, 1, 1, 0, 0, 1, 1, 0, 1, 1, 0], -1, 279, 'optimal solution')
(10040, [1, 0, 1, 0, 0, 0, 0, 0, 0, 1, 0, 1, 1, 1, 0], -1, 158, 'optimal solution')
(10041, [1, 1, 0, 1, 0, 1, 1, 0, 0, 1, 0, 0, 0, 0, 0], -1, 308, 'optimal solution')
(10042, [1, 1, 1, 0, 0, 1, 0, 0, 0, 0, 1, 1, 0, 1, 1], -1, 344, 'optimal solution')
(10043, [1, 0, 1, 0, 0, 0, 0, 1, 1, 0, 0, 1, 1, 0, 1], -1, 413, 'optimal solution')
(10044, [1, 1, 1, 0, 0, 0, 0, 0, 1, 0, 0, 0, 0, 1, 0], -1, 121, 'optimal solution')
(10045, [0, 0, 0, 1, 0, 1, 0, 1, 0, 1, 1, 0, 1, 0, 1], -1, 436, 'optimal solution')
(10046, [0, 1, 0, 0, 0, 1, 0, 0, 1, 0, 0, 1, 0, 0, 0, 1, 0, 0, 0, 0], -1, 253, 'optimal solution')
(10047, [0, 0, 0, 0, 1, 1, 0, 0, 0, 0, 0, 0, 0, 0, 1, 1, 0, 0, 0, 0], -1, 288, 'optimal solution')
(10048, [0, 0, 0, 0, 1, 1, 0, 0, 0, 0, 0, 0, 0, 0, 1, 1, 0, 0, 0, 0], -1, 250, 'optimal solution')
(10049, [1, 1, 0, 1, 1, 0, 1, 1, 0, 1, 1, 0, 0, 0, 1, 0, 1, 1, 0, 1], -1, 771, 'optimal solution')
(10050, [1, 1, 0, 0, 0, 1, 0, 1, 0, 1, 1, 1, 0, 0, 0, 1, 0, 1, 0, 1], -1, 400, 'optimal solution')
(10051, [0, 0, 1, 1, 1, 1, 0, 1, 1, 1, 0, 0, 1, 1, 1, 1, 0, 0, 1, 1], -1, 859, 'optimal solution')
(10052, [0, 0, 1, 1, 0, 1, 1, 1, 1, 0, 0, 0, 1, 1, 0, 1, 1, 1, 0, 0], -1, 632, 'optimal solution')
(10053, [0, 0, 1, 0, 1, 0, 1, 0, 0, 1, 0, 0, 0, 0, 1, 0, 1, 0, 0, 0], -1, 150, 'optimal solution')
(10054, [0, 0, 0, 0, 1, 1, 0, 0, 0, 1, 0, 0, 0, 0, 1, 0, 0, 1, 0, 1], -1, 303, 'optimal solution')
(10055, [1, 0, 1, 0, 1, 0, 0, 1, 0, 0, 1, 0, 1, 0, 1, 0, 0, 0, 0, 0], -1, 495, 'optimal solution')
(10056, [0, 0, 0, 1, 0, 0, 0, 0, 0, 0, 0, 0, 0, 1, 0, 0, 0, 0, 0, 0], -1, 194, 'optimal solution')
(10057, [1, 0, 1, 0, 1, 0, 0, 0, 0, 0, 1, 0, 1, 0, 1, 0, 0, 0, 0, 0], -1, 378, 'optimal solution')
(10058, [0, 1, 1, 0, 1, 1, 0, 1, 0, 1, 0, 1, 1, 0, 1, 1, 0, 1, 0, 1], -1, 594, 'optimal solution')
(10059, [1, 0, 1, 1, 1, 1, 1, 0, 0, 0, 1, 0, 1, 1, 1, 0, 1, 0, 0, 0], -1, 481, 'optimal solution')
(10060, [1, 0, 0, 0, 0, 1, 1, 0, 1, 1, 1, 0, 0, 0, 0, 0, 1, 0, 1, 0], -1, 270, 'optimal solution')
(10061, [0, 1, 0, 0, 0, 0, 1, 0, 0, 1, 0, 0, 1, 0, 0, 0, 0, 1, 0, 0, 1, 0], -1, 302, 'optimal solution')
(10062, [0, 1, 0, 0, 1, 1, 0, 1, 0, 1, 1, 0, 0, 0, 0, 1, 0, 0, 1, 0, 1, 0], -1, 378, 'optimal solution')
(10063, [0, 0, 0, 1, 1, 0, 1, 0, 1, 0, 0, 0, 0, 0, 1, 1, 0, 1, 0, 1, 0, 0], -1, 462, 'optimal solution')
(10064, [1, 0, 0, 0, 0, 0, 1, 1, 0, 0, 1, 1, 0, 0, 0, 0, 0, 1, 1, 0, 0, 1], -1, 530, 'optimal solution')
(10065, [0, 1, 1, 0, 1, 0, 1, 0, 0, 0, 0, 0, 0, 1, 0, 1, 1, 0, 0, 0, 0, 0], -1, 304, 'optimal solution')
(10066, [1, 0, 0, 1, 0, 0, 0, 1, 0, 1, 1, 1, 0, 0, 1, 0, 0, 0, 1, 0, 1, 1], -1, 402, 'optimal solution')
(10067, [0, 0, 0, 0, 0, 0, 1, 0, 0, 0, 0, 0, 0, 0, 0, 0, 0, 1, 0, 0, 0, 0], -1, 46, 'optimal solution')
(10068, [1, 0, 0, 0, 1, 1, 1, 0, 0, 1, 0, 1, 0, 0, 0, 1, 1, 1, 0, 0, 1, 0], -1, 502, 'optimal solution')
(10069, [0, 0, 1, 1, 1, 1, 1, 1, 0, 1, 1, 0, 0, 1, 1, 1, 1, 1, 1, 0, 1, 1], -1, 706, 'optimal solution')
(10070, [1, 0, 0, 0, 0, 1, 1, 1, 1, 0, 1, 1, 0, 0, 0, 0, 1, 0, 1, 1, 0, 0], -1, 337, 'optimal solution')
(10071, [1, 0, 0, 1, 1, 1, 0, 0, 0, 1, 1, 1, 0, 0, 1, 1, 1, 0, 0, 0, 1, 1], -1, 750, 'optimal solution')
(10072, [1, 0, 1, 0, 0, 0, 0, 0, 0, 0, 0, 1, 0, 1, 0, 0, 0, 0, 0, 0, 0, 0], -1, 96, 'optimal solution')
(10073, [1, 0, 0, 0, 1, 1, 0, 0, 1, 1, 1, 1, 0, 0, 0, 1, 1, 0, 0, 1, 1, 1], -1, 784, 'optimal solution')
(10074, [0, 1, 1, 1, 0, 0, 0, 0, 1, 0, 0, 0, 1, 1, 1, 0, 0, 0, 0, 1, 0, 0], -1, 406, 'optimal solution')
(10075, [0, 1, 0, 0, 1, 0, 0, 1, 0, 0, 0, 0, 1, 0, 1, 0, 0, 0, 1, 0, 0, 0], -1, 197, 'optimal solution')
(10076, [0, 0, 0, 0, 1, 1, 0, 0, 1, 1, 0, 1, 0, 0, 1, 0, 1, 1, 0, 0, 1, 0, 0, 1, 0], -1, 510, 'optimal solution')
(10077, [1, 1, 1, 0, 0, 0, 0, 0, 1, 1, 1, 0, 0, 1, 0, 1, 0, 1, 0, 1, 0, 0, 0, 0, 0], -1, 534, 'optimal solution')
(10078, [0, 0, 0, 1, 0, 1, 0, 0, 1, 0, 1, 0, 0, 0, 0, 0, 0, 0, 0, 0, 1, 1, 1, 1, 1], -1, 309, 'optimal solution')
(10079, [1, 0, 0, 1, 0, 0, 1, 0, 0, 0, 0, 0, 1, 0, 1, 0, 0, 1, 0, 0, 1, 0, 0, 1, 1], -1, 401, 'optimal solution')
(10080, [0, 0, 1, 0, 0, 0, 0, 0, 1, 1, 0, 0, 0, 1, 0, 1, 1, 0, 1, 1, 1, 0, 0, 1, 0], -1, 545, 'optimal solution')
(10081, [0, 1, 0, 1, 1, 0, 1, 1, 0, 0, 1, 1, 1, 0, 0, 1, 1, 0, 0, 0, 1, 1, 1, 0, 0], -1, 591, 'optimal solution')
(10082, [0, 1, 0, 0, 1, 1, 1, 1, 1, 1, 0, 1, 0, 0, 0, 1, 1, 1, 1, 0, 1, 0, 0, 1, 0], -1, 716, 'optimal solution')
(10083, [1, 0, 1, 1, 1, 0, 1, 0, 1, 1, 0, 1, 0, 1, 0, 1, 1, 1, 1, 1, 1, 0, 1, 1, 0], -1, 617, 'optimal solution')
(10084, [1, 1, 0, 0, 1, 0, 1, 0, 1, 0, 0, 0, 0, 1, 1, 1, 0, 0, 0, 1, 0, 0, 1, 1, 0], -1, 699, 'optimal solution')
(10085, [0, 1, 1, 0, 0, 0, 1, 1, 0, 0, 0, 0, 0, 1, 1, 0, 1, 1, 0, 1, 1, 1, 1, 1, 0], -1, 597, 'optimal solution')
(10086, [1, 1, 1, 0, 1, 0, 0, 0, 1, 0, 1, 1, 1, 0, 1, 0, 1, 1, 0, 1, 1, 0, 1, 1, 0], -1, 687, 'optimal solution')
(10087, [1, 0, 1, 0, 0, 1, 0, 0, 0, 1, 0, 0, 1, 0, 0, 1, 0, 0, 0, 1, 1, 0, 1, 0, 1], -1, 540, 'optimal solution')
(10088, [1, 1, 0, 0, 0, 0, 0, 0, 1, 0, 1, 1, 1, 0, 0, 0, 1, 0, 1, 0, 0, 0, 1, 1, 1], -1, 331, 'optimal solution')
(10089, [1, 1, 0, 1, 1, 0, 1, 0, 0, 0, 1, 0, 1, 1, 1, 1, 1, 0, 0, 0, 1, 0, 0, 1, 1], -1, 588, 'optimal solution')
(10090, [1, 0, 0, 0, 0, 1, 1, 0, 1, 0, 1, 0, 0, 1, 1, 0, 1, 0, 1, 0, 1, 0, 0, 1, 1], -1, 574, 'optimal solution')
(10091, [0, 0, 1, 0, 1, 1, 0, 0, 0, 0, 0, 1, 0, 1, 0, 1, 0, 0, 0, 1, 0, 0, 1, 1, 0, 1, 0], -1, 633, 'optimal solution')
(10092, [0, 1, 1, 0, 1, 0, 0, 0, 1, 0, 0, 0, 0, 1, 1, 0, 0, 0, 1, 0, 0, 0, 0, 0, 0, 1, 1], -1, 393, 'optimal solution')
(10093, [1, 0, 0, 0, 0, 1, 1, 1, 1, 0, 0, 0, 0, 0, 1, 0, 1, 0, 1, 0, 0, 1, 1, 1, 1, 1, 1], -1, 784, 'optimal solution')
(10094, [0, 1, 0, 0, 0, 0, 0, 1, 0, 0, 0, 1, 0, 0, 0, 1, 0, 1, 1, 0, 1, 0, 1, 1, 1, 1, 1], -1, 496, 'optimal solution')
(10095, [0, 1, 0, 0, 1, 0, 0, 1, 1, 0, 0, 0, 0, 0, 1, 0, 1, 1, 0, 0, 0, 1, 0, 1, 0, 1, 0], -1, 615, 'optimal solution')
(10096, [1, 1, 0, 0, 0, 1, 1, 1, 1, 0, 0, 1, 0, 0, 0, 1, 1, 1, 1, 0, 0, 1, 1, 0, 1, 0, 0], -1, 811, 'optimal solution')
(10097, [0, 1, 0, 1, 0, 1, 0, 0, 1, 0, 0, 0, 1, 1, 1, 0, 1, 0, 0, 1, 1, 1, 0, 1, 0, 1, 0], -1, 744, 'optimal solution')
(10098, [0, 1, 0, 0, 0, 0, 0, 1, 0, 1, 0, 1, 0, 0, 1, 0, 1, 1, 0, 1, 0, 1, 1, 1, 0, 0, 0], -1, 536, 'optimal solution')
(10099, [0, 0, 0, 1, 0, 1, 0, 0, 0, 0, 1, 1, 0, 0, 1, 1, 1, 0, 1, 0, 1, 1, 1, 1, 0, 0, 1], -1, 630, 'optimal solution')
(10100, [1, 1, 1, 1, 0, 1, 1, 1, 0, 0, 1, 1, 0, 0, 0, 1, 0, 0, 0, 1, 0, 0, 1, 0, 0, 0, 0], -1, 581, 'optimal solution')
(10101, [0, 1, 1, 0, 0, 0, 0, 0, 0, 1, 1, 0, 0, 1, 1, 0, 0, 0, 1, 1, 1, 0, 1, 0, 0, 1, 0], -1, 592, 'optimal solution')
(10102, [1, 0, 1, 0, 1, 0, 1, 0, 0, 0, 0, 1, 1, 0, 1, 1, 1, 0, 1, 1, 0, 0, 0, 0, 1, 0, 0], -1, 483, 'optimal solution')
(10103, [0, 1, 0, 0, 1, 1, 0, 0, 0, 0, 1, 1, 1, 1, 1, 0, 1, 1, 0, 1, 1, 1, 0, 1, 0, 0, 1], -1, 877, 'optimal solution')
(10104, [0, 0, 1, 0, 1, 1, 0, 1, 0, 0, 1, 0, 1, 1, 1, 1, 0, 1, 0, 0, 1, 1, 1, 1, 0, 1, 0], -1, 1016, 'optimal solution')
(10105, [0, 1, 0, 0, 0, 1, 1, 1, 1, 0, 0, 1, 1, 1, 1, 0, 1, 1, 1, 0, 0, 1, 1, 0, 1, 0, 0], -1, 778, 'optimal solution')
(10106, [0, 1, 1, 0, 0, 0, 0, 1, 0, 0, 0, 1, 1, 1, 1, 0, 1, 1, 0, 1, 0, 0, 0, 0, 0, 0, 1, 1, 1, 0], -1, 497, 'optimal solution')
(10107, [0, 0, 1, 1, 0, 1, 0, 0, 1, 1, 0, 1, 0, 1, 1, 0, 0, 1, 1, 0, 1, 0, 0, 1, 1, 0, 1, 0, 1, 1], -1, 668, 'optimal solution')
(10108, [0, 1, 0, 1, 0, 1, 1, 1, 0, 1, 1, 0, 0, 0, 0, 0, 0, 0, 1, 0, 1, 1, 1, 1, 1, 1, 0, 0, 0, 0], -1, 892, 'optimal solution')
(10109, [0, 0, 0, 1, 1, 1, 0, 1, 1, 0, 0, 1, 0, 1, 0, 0, 0, 0, 1, 1, 1, 0, 1, 1, 0, 0, 1, 0, 1, 0], -1, 642, 'optimal solution')
(10110, [1, 0, 0, 1, 0, 0, 0, 1, 1, 1, 0, 0, 0, 0, 0, 1, 0, 0, 1, 0, 0, 0, 1, 1, 1, 0, 0, 0, 0, 0], -1, 604, 'optimal solution')
(10111, [0, 1, 1, 1, 1, 0, 0, 0, 0, 1, 1, 0, 0, 1, 0, 0, 1, 1, 1, 1, 0, 0, 0, 0, 1, 0, 0, 0, 1, 1], -1, 748, 'optimal solution')
(10112, [1, 1, 1, 1, 1, 1, 0, 1, 0, 1, 0, 1, 0, 1, 0, 1, 1, 1, 1, 1, 1, 0, 1, 0, 1, 0, 1, 0, 1, 1], -1, 1120, 'optimal solution')
(10113, [1, 0, 1, 1, 0, 1, 1, 0, 1, 0, 1, 1, 1, 0, 1, 1, 0, 1, 1, 0, 1, 1, 0, 1, 0, 1, 1, 1, 0, 1], -1, 1076, 'optimal solution')
(10114, [0, 0, 0, 0, 0, 1, 0, 0, 1, 1, 1, 1, 0, 0, 0, 0, 0, 0, 0, 0, 1, 0, 0, 1, 1, 1, 1, 0, 0, 1], -1, 481, 'optimal solution')
(10115, [0, 0, 0, 0, 1, 1, 1, 1, 0, 0, 1, 0, 0, 1, 0, 0, 0, 0, 0, 1, 1, 1, 1, 0, 0, 1, 0, 0, 0, 0], -1, 489, 'optimal solution')
(10116, [1, 0, 1, 1, 0, 1, 0, 0, 1, 0, 1, 1, 0, 0, 0, 1, 0, 1, 0, 0, 1, 0, 0, 1, 0, 1, 1, 0, 0, 0], -1, 615, 'optimal solution')
(10117, [1, 0, 0, 0, 1, 1, 0, 0, 0, 1, 0, 1, 1, 0, 0, 0, 0, 0, 0, 1, 1, 0, 0, 0, 1, 0, 1, 1, 0, 0], -1, 405, 'optimal solution')
(10118, [1, 1, 1, 1, 1, 1, 1, 0, 0, 0, 0, 0, 0, 0, 1, 1, 1, 1, 1, 0, 1, 1, 0, 0, 0, 0, 0, 0, 0, 1], -1, 759, 'optimal solution')
(10119, [0, 0, 0, 1, 0, 0, 0, 0, 1, 1, 0, 1, 0, 1, 1, 0, 0, 0, 1, 0, 0, 0, 0, 1, 1, 0, 1, 0, 1, 1], -1, 684, 'optimal solution')
(10120, [1, 0, 1, 1, 0, 0, 1, 1, 0, 1, 0, 1, 1, 1, 0, 1, 0, 1, 1, 0, 0, 1, 1, 0, 1, 0, 1, 1, 0, 0], -1, 502, 'optimal solution')
(10001, [0, 0, 0, 0], -1, 0, 'optimal solution')
(10002, [0, 0, 0, 0], -1, 0, 'optimal solution')
(10003, [0, 1, 0, 1], -1, 160, 'optimal solution')
(10004, [1, 0, 1, 0], -1, 160, 'optimal solution')
(10005, [0, 0, 0, 0], -1, 0, 'optimal solution')
(10006, [0, 0, 0, 0], -1, 0, 'optimal solution')
(10007, [0, 0, 0, 0], -1, 0, 'optimal solution')
(10008, [1, 0, 0, 0], -1, 74, 'optimal solution')
(10009, [0, 0, 0, 0], -1, 0, 'optimal solution')
(10010, [0, 0, 0, 0], -1, 0, 'optimal solution')
(10011, [1, 1, 1, 1], -1, 72, 'optimal solution')
(10012, [0, 1, 0, 1], -1, 144, 'optimal solution')
(10013, [0, 0, 0, 0], -1, 0, 'optimal solution')
(10014, [0, 0, 0, 0], -1, 0, 'optimal solution')
(10015, [0, 0, 0, 0], -1, 0, 'optimal solution')
(10016, [1, 0, 0, 0, 1, 1, 0, 0, 0, 0], -1, 252, 'optimal solution')
(10017, [0, 1, 0, 1, 1, 0, 1, 0, 1, 1], -1, 224, 'optimal solution')
(10018, [0, 0, 1, 1, 1, 1, 0, 1, 1, 1], -1, 345, 'optimal solution')
(10019, [1, 1, 1, 1, 0, 1, 1, 1, 1, 0], -1, 402, 'optimal solution')
(10020, [0, 0, 0, 0, 1, 0, 0, 0, 0, 1], -1, 186, 'optimal solution')
(10021, [0, 1, 1, 1, 0, 0, 1, 1, 1, 0], -1, 206, 'optimal solution')
(10022, [0, 0, 0, 0, 1, 0, 0, 0, 0, 1], -1, 62, 'optimal solution')
(10023, [1, 1, 0, 1, 0, 1, 1, 0, 1, 0], -1, 526, 'optimal solution')
(10024, [1, 0, 1, 1, 1, 1, 0, 1, 1, 1], -1, 582, 'optimal solution')
(10025, [1, 0, 1, 0, 1, 1, 0, 1, 0, 1], -1, 308, 'optimal solution')
(10026, [1, 1, 0, 1, 1, 1, 1, 0, 1, 1], -1, 632, 'optimal solution')
(10027, [1, 1, 0, 1, 0, 1, 1, 0, 0, 0], -1, 270, 'optimal solution')
(10028, [1, 1, 1, 0, 1, 1, 1, 0, 0, 0], -1, 444, 'optimal solution')
(10029, [1, 0, 1, 1, 0, 1, 0, 1, 1, 0], -1, 328, 'optimal solution')
(10030, [1, 1, 0, 0, 0, 1, 1, 0, 0, 0], -1, 184, 'optimal solution')
(10031, [0, 0, 1, 1, 0, 0, 1, 0, 0, 0, 1, 0, 1, 0, 0], -1, 253, 'optimal solution')
(10032, [0, 1, 0, 0, 1, 0, 0, 1, 1, 1, 0, 0, 1, 1, 1], -1, 384, 'optimal solution')
(10033, [0, 0, 0, 1, 1, 1, 0, 1, 0, 1, 1, 0, 0, 0, 1], -1, 281, 'optimal solution')
(10034, [0, 0, 0, 0, 1, 1, 0, 0, 0, 1, 0, 0, 0, 0, 0], -1, 69, 'optimal solution')
(10035, [0, 1, 0, 0, 1, 0, 0, 1, 1, 1, 0, 0, 0, 1, 1], -1, 506, 'optimal solution')
(10036, [0, 0, 1, 0, 1, 1, 0, 1, 1, 1, 1, 0, 0, 0, 0], -1, 380, 'optimal solution')
(10037, [0, 1, 0, 1, 0, 0, 1, 0, 0, 0, 0, 0, 0, 0, 0], -1, 235, 'optimal solution')
(10038, [0, 0, 0, 0, 1, 0, 0, 1, 1, 0, 1, 0, 1, 1, 0], -1, 283, 'optimal solution')
(10039, [1, 0, 0, 0, 0, 0, 0, 1, 1, 1, 1, 1, 1, 1, 0], -1, 437, 'optimal solution')
(10040, [1, 0, 0, 0, 0, 1, 1, 0, 1, 1, 1, 0, 0, 0, 0], -1, 261, 'optimal solution')
(10041, [0, 0, 1, 0, 0, 1, 0, 0, 1, 0, 1, 0, 1, 0, 0], -1, 222, 'optimal solution')
(10042, [1, 0, 0, 0, 1, 1, 0, 0, 1, 1, 0, 0, 0, 0, 1], -1, 292, 'optimal solution')
(10043, [0, 1, 1, 1, 0, 0, 1, 0, 0, 0, 0, 0, 1, 0, 0], -1, 199, 'optimal solution')
(10044, [1, 0, 1, 1, 0, 0, 0, 0, 0, 1, 0, 1, 0, 1, 0], -1, 374, 'optimal solution')
(10045, [0, 0, 1, 0, 1, 1, 0, 1, 1, 0, 0, 0, 0, 0, 1], -1, 381, 'optimal solution')
(10046, [0, 0, 0, 1, 1, 0, 0, 1, 1, 0, 0, 0, 0, 1, 1, 0, 0, 1, 1, 0], -1, 328, 'optimal solution')
(10047, [1, 1, 0, 1, 1, 1, 0, 0, 1, 1, 1, 1, 0, 1, 1, 1, 0, 0, 0, 1], -1, 715, 'optimal solution')
(10048, [1, 1, 0, 1, 0, 0, 0, 0, 1, 0, 1, 1, 0, 1, 0, 0, 0, 0, 1, 1], -1, 302, 'optimal solution')
(10049, [0, 1, 0, 0, 0, 0, 0, 1, 0, 0, 0, 1, 0, 0, 0, 0, 0, 1, 0, 0], -1, 172, 'optimal solution')
(10050, [1, 0, 0, 0, 1, 1, 1, 1, 0, 0, 1, 0, 0, 0, 1, 1, 1, 1, 0, 0], -1, 432, 'optimal solution')
(10051, [1, 0, 0, 0, 0, 1, 0, 0, 0, 0, 1, 0, 0, 1, 0, 0, 0, 0, 0, 0], -1, 200, 'optimal solution')
(10052, [1, 0, 1, 1, 0, 1, 0, 0, 1, 1, 1, 0, 1, 1, 0, 1, 0, 0, 0, 1], -1, 222, 'optimal solution')
(10053, [0, 1, 0, 0, 0, 1, 0, 0, 0, 0, 0, 1, 1, 0, 0, 1, 0, 0, 0, 0], -1, 275, 'optimal solution')
(10054, [1, 1, 1, 0, 0, 0, 0, 0, 0, 0, 1, 1, 1, 0, 0, 0, 0, 0, 0, 0], -1, 170, 'optimal solution')
(10055, [1, 1, 1, 1, 1, 1, 1, 0, 1, 1, 1, 1, 1, 1, 1, 1, 1, 0, 1, 1], -1, 986, 'optimal solution')
(10056, [0, 0, 1, 1, 0, 0, 1, 1, 1, 0, 0, 0, 1, 1, 0, 0, 1, 1, 1, 0], -1, 540, 'optimal solution')
(10057, [1, 1, 1, 0, 1, 0, 0, 1, 0, 0, 1, 1, 1, 0, 1, 0, 0, 1, 1, 0], -1, 252, 'optimal solution')
(10058, [0, 1, 1, 0, 1, 1, 1, 0, 0, 0, 0, 1, 1, 0, 1, 1, 0, 0, 0, 0], -1, 606, 'optimal solution')
(10059, [1, 1, 0, 0, 1, 0, 0, 0, 0, 0, 1, 1, 0, 0, 1, 0, 0, 0, 0, 0], -1, 266, 'optimal solution')
(10060, [0, 0, 0, 1, 1, 0, 0, 0, 1, 1, 0, 0, 0, 1, 1, 0, 0, 0, 1, 1], -1, 562, 'optimal solution')
(10061, [0, 1, 1, 0, 0, 1, 0, 0, 0, 0, 0, 0, 0, 1, 0, 0, 1, 0, 0, 1, 0, 0], -1, 315, 'optimal solution')
(10062, [0, 1, 1, 1, 0, 0, 1, 0, 1, 1, 0, 0, 1, 1, 1, 0, 0, 1, 0, 1, 1, 0], -1, 512, 'optimal solution')
(10063, [0, 1, 1, 0, 1, 0, 1, 1, 1, 1, 0, 1, 1, 1, 0, 1, 0, 1, 1, 0, 0, 0], -1, 584, 'optimal solution')
(10064, [1, 0, 0, 1, 0, 0, 0, 1, 1, 1, 0, 1, 0, 0, 1, 0, 0, 0, 1, 1, 1, 0], -1, 522, 'optimal solution')
(10065, [0, 0, 0, 0, 1, 0, 0, 1, 1, 0, 0, 0, 0, 1, 0, 1, 0, 0, 1, 1, 0, 0], -1, 354, 'optimal solution')
(10066, [0, 1, 1, 1, 0, 0, 1, 1, 0, 1, 1, 0, 1, 1, 1, 0, 0, 1, 1, 0, 0, 1], -1, 727, 'optimal solution')
(10067, [0, 0, 1, 0, 1, 0, 1, 0, 0, 0, 0, 0, 0, 1, 0, 1, 0, 1, 0, 0, 0, 0], -1, 202, 'optimal solution')
(10068, [1, 1, 1, 1, 0, 1, 0, 0, 1, 1, 0, 1, 1, 1, 1, 0, 1, 0, 0, 1, 1, 0], -1, 660, 'optimal solution')
(10069, [0, 1, 0, 0, 1, 0, 0, 1, 1, 0, 1, 0, 1, 0, 0, 1, 0, 0, 1, 0, 0, 1], -1, 487, 'optimal solution')
(10070, [0, 1, 0, 0, 0, 0, 0, 0, 1, 1, 0, 0, 1, 0, 0, 0, 0, 0, 0, 1, 1, 0], -1, 408, 'optimal solution')
(10071, [0, 1, 0, 0, 0, 1, 0, 0, 1, 0, 0, 0, 1, 0, 0, 0, 1, 0, 0, 1, 0, 0], -1, 312, 'optimal solution')
(10072, [1, 1, 1, 1, 1, 1, 1, 1, 0, 1, 1, 1, 1, 1, 1, 1, 1, 1, 1, 0, 1, 1], -1, 1132, 'optimal solution')
(10073, [1, 0, 0, 0, 1, 0, 0, 1, 0, 1, 1, 1, 0, 0, 0, 1, 0, 0, 1, 0, 1, 0], -1, 369, 'optimal solution')
(10074, [1, 1, 0, 1, 1, 0, 0, 0, 0, 0, 1, 1, 1, 0, 1, 1, 0, 0, 0, 0, 0, 0], -1, 444, 'optimal solution')
(10075, [0, 1, 1, 1, 0, 0, 1, 1, 1, 1, 1, 0, 1, 1, 1, 0, 0, 1, 1, 1, 1, 1], -1, 728, 'optimal solution')
(10076, [0, 0, 0, 0, 1, 0, 1, 1, 1, 1, 1, 0, 1, 0, 1, 0, 0, 0, 1, 0, 1, 0, 1, 0, 1], -1, 588, 'optimal solution')
(10077, [1, 0, 1, 0, 1, 1, 0, 1, 0, 0, 0, 1, 0, 1, 1, 1, 0, 0, 0, 1, 0, 1, 0, 0, 0], -1, 748, 'optimal solution')
(10078, [0, 1, 0, 1, 0, 0, 0, 1, 1, 1, 0, 1, 0, 1, 1, 1, 1, 0, 1, 1, 0, 1, 0, 1, 0], -1, 794, 'optimal solution')
(10079, [0, 0, 1, 1, 1, 0, 1, 0, 0, 1, 0, 0, 1, 1, 1, 1, 0, 0, 1, 0, 1, 0, 1, 0, 1], -1, 705, 'optimal solution')
(10080, [1, 1, 0, 0, 0, 1, 0, 1, 1, 0, 1, 1, 1, 0, 0, 0, 1, 1, 0, 0, 0, 0, 0, 0, 0], -1, 660, 'optimal solution')
(10081, [1, 0, 0, 0, 0, 0, 1, 0, 1, 1, 0, 0, 1, 1, 0, 1, 0, 1, 1, 0, 1, 1, 0, 0, 1], -1, 621, 'optimal solution')
(10082, [0, 1, 0, 0, 0, 1, 0, 1, 1, 1, 1, 0, 0, 0, 1, 0, 0, 1, 1, 1, 1, 0, 0, 0, 0], -1, 446, 'optimal solution')
(10083, [1, 1, 0, 0, 0, 1, 1, 0, 0, 1, 0, 0, 1, 0, 1, 1, 1, 1, 0, 1, 0, 0, 1, 0, 1], -1, 664, 'optimal solution')
(10084, [0, 0, 0, 1, 1, 1, 1, 0, 1, 1, 1, 1, 1, 0, 1, 1, 0, 1, 0, 0, 1, 0, 1, 0, 0], -1, 588, 'optimal solution')
(10085, [0, 0, 1, 1, 0, 0, 1, 1, 1, 0, 0, 0, 0, 0, 1, 0, 1, 0, 0, 1, 0, 0, 1, 1, 0], -1, 689, 'optimal solution')
(10086, [0, 1, 0, 0, 1, 1, 0, 0, 0, 0, 0, 1, 1, 0, 1, 1, 1, 0, 1, 1, 0, 1, 1, 0, 0], -1, 662, 'optimal solution')
(10087, [1, 1, 0, 1, 1, 1, 0, 0, 1, 0, 0, 1, 1, 0, 0, 1, 0, 0, 0, 0, 0, 1, 1, 1, 0], -1, 611, 'optimal solution')
(10088, [1, 1, 0, 0, 0, 1, 1, 1, 1, 1, 0, 1, 0, 1, 0, 0, 1, 1, 0, 0, 0, 0, 0, 0, 1], -1, 559, 'optimal solution')
(10089, [0, 1, 1, 0, 1, 1, 1, 1, 1, 0, 0, 0, 1, 1, 0, 0, 1, 0, 1, 1, 0, 1, 0, 1, 1], -1, 662, 'optimal solution')
(10090, [0, 0, 0, 1, 1, 1, 0, 0, 1, 0, 0, 1, 1, 1, 1, 0, 1, 1, 0, 1, 0, 0, 1, 0, 0], -1, 564, 'optimal solution')
(10091, [1, 0, 1, 0, 0, 0, 0, 0, 0, 1, 1, 1, 0, 1, 1, 1, 0, 1, 1, 1, 1, 1, 1, 1, 1, 0, 1], -1, 878, 'optimal solution')
(10092, [1, 0, 1, 0, 0, 0, 1, 1, 1, 0, 1, 0, 0, 1, 1, 1, 0, 1, 1, 0, 1, 0, 1, 1, 1, 1, 1], -1, 799, 'optimal solution')
(10093, [0, 1, 1, 1, 1, 1, 0, 1, 1, 0, 1, 1, 1, 0, 0, 1, 1, 0, 0, 0, 1, 0, 1, 0, 0, 0, 0], -1, 618, 'optimal solution')
(10094, [0, 1, 0, 1, 1, 0, 1, 1, 1, 1, 0, 0, 1, 0, 1, 1, 0, 0, 0, 1, 0, 0, 1, 0, 1, 0, 0], -1, 599, 'optimal solution')
(10095, [1, 1, 1, 0, 0, 0, 0, 1, 1, 1, 1, 0, 1, 0, 0, 0, 0, 0, 0, 0, 0, 0, 0, 1, 0, 0, 0], -1, 584, 'optimal solution')
(10096, [0, 0, 1, 1, 1, 0, 0, 0, 1, 1, 0, 0, 1, 1, 1, 0, 1, 0, 1, 1, 1, 1, 1, 0, 1, 1, 1], -1, 690, 'optimal solution')
(10097, [0, 0, 0, 1, 0, 0, 0, 0, 0, 1, 0, 1, 0, 1, 1, 0, 0, 1, 1, 1, 1, 1, 1, 1, 1, 1, 1], -1, 860, 'optimal solution')
(10098, [0, 0, 1, 0, 1, 1, 0, 1, 1, 0, 1, 1, 0, 0, 0, 0, 0, 0, 0, 0, 1, 0, 1, 0, 0, 0, 1], -1, 391, 'optimal solution')
(10099, [0, 0, 0, 1, 1, 1, 1, 1, 0, 0, 1, 0, 0, 0, 1, 1, 1, 0, 0, 0, 1, 1, 1, 0, 1, 1, 1], -1, 766, 'optimal solution')
(10100, [1, 1, 1, 0, 1, 1, 1, 1, 1, 1, 1, 1, 1, 0, 0, 0, 0, 1, 0, 0, 0, 0, 0, 0, 1, 0, 0], -1, 705, 'optimal solution')
(10101, [0, 0, 1, 1, 1, 1, 1, 0, 1, 1, 1, 1, 0, 1, 1, 0, 0, 1, 0, 0, 0, 0, 0, 0, 1, 0, 0], -1, 587, 'optimal solution')
(10102, [1, 1, 1, 0, 0, 0, 0, 1, 1, 0, 0, 1, 0, 1, 0, 0, 0, 0, 1, 0, 1, 0, 1, 0, 1, 1, 0], -1, 557, 'optimal solution')
(10103, [0, 1, 0, 0, 1, 1, 0, 1, 1, 0, 0, 1, 1, 0, 1, 0, 0, 0, 0, 1, 1, 0, 0, 0, 1, 0, 0], -1, 588, 'optimal solution')
(10104, [0, 1, 0, 1, 1, 1, 0, 0, 1, 1, 0, 0, 1, 1, 0, 1, 1, 0, 1, 0, 1, 1, 0, 0, 0, 1, 0], -1, 481, 'optimal solution')
(10105, [0, 1, 1, 1, 1, 0, 0, 0, 1, 1, 0, 1, 0, 0, 0, 0, 0, 0, 0, 0, 0, 1, 1, 1, 1, 0, 1], -1, 632, 'optimal solution')
(10106, [1, 0, 1, 1, 1, 1, 0, 1, 0, 0, 0, 1, 0, 1, 0, 1, 0, 1, 1, 1, 1, 0, 1, 0, 0, 0, 1, 0, 1, 0], -1, 478, 'optimal solution')
(10107, [0, 1, 1, 0, 0, 1, 1, 1, 1, 1, 0, 0, 1, 1, 1, 0, 1, 1, 0, 0, 1, 1, 1, 1, 1, 0, 0, 1, 1, 1], -1, 978, 'optimal solution')
(10108, [1, 0, 0, 1, 0, 1, 0, 1, 0, 0, 0, 0, 1, 1, 1, 1, 0, 0, 1, 0, 1, 0, 1, 0, 0, 0, 0, 1, 1, 1], -1, 672, 'optimal solution')
(10109, [1, 1, 0, 0, 0, 1, 0, 0, 1, 0, 1, 1, 1, 0, 0, 1, 1, 0, 0, 0, 1, 0, 0, 1, 0, 1, 0, 1, 0, 0], -1, 769, 'optimal solution')
(10110, [0, 1, 0, 0, 0, 1, 1, 0, 0, 1, 1, 0, 1, 0, 1, 0, 1, 0, 0, 0, 1, 1, 0, 0, 1, 1, 0, 1, 0, 1], -1, 576, 'optimal solution')
(10111, [1, 0, 0, 0, 0, 0, 1, 0, 1, 0, 0, 1, 0, 0, 1, 1, 0, 0, 0, 0, 0, 1, 0, 1, 0, 0, 1, 0, 0, 1], -1, 344, 'optimal solution')
(10112, [1, 1, 0, 0, 0, 1, 0, 0, 1, 0, 1, 0, 1, 1, 0, 1, 1, 0, 0, 0, 1, 0, 0, 1, 0, 1, 0, 1, 1, 0], -1, 854, 'optimal solution')
(10113, [1, 1, 1, 0, 0, 0, 0, 1, 1, 0, 0, 0, 1, 1, 1, 1, 1, 1, 0, 0, 0, 0, 1, 1, 0, 0, 0, 1, 0, 0], -1, 693, 'optimal solution')
(10114, [1, 0, 0, 0, 1, 1, 0, 0, 1, 1, 0, 1, 0, 0, 1, 0, 0, 0, 0, 1, 1, 0, 0, 1, 1, 0, 1, 0, 0, 0], -1, 666, 'optimal solution')
(10115, [0, 1, 1, 0, 0, 0, 0, 1, 1, 0, 1, 0, 0, 0, 1, 0, 1, 1, 0, 0, 0, 0, 1, 1, 0, 1, 0, 0, 0, 1], -1, 768, 'optimal solution')
(10116, [0, 1, 0, 0, 1, 0, 0, 0, 0, 1, 0, 1, 0, 1, 0, 0, 1, 0, 0, 1, 0, 0, 0, 0, 1, 0, 1, 0, 1, 1], -1, 402, 'optimal solution')
(10117, [0, 1, 0, 1, 0, 1, 1, 0, 0, 1, 1, 1, 0, 1, 0, 0, 1, 0, 1, 0, 1, 0, 0, 0, 1, 1, 1, 0, 0, 0], -1, 845, 'optimal solution')
(10118, [0, 1, 1, 1, 1, 0, 1, 1, 1, 0, 0, 0, 0, 1, 0, 0, 1, 1, 1, 1, 0, 0, 1, 1, 1, 0, 0, 0, 1, 0], -1, 896, 'optimal solution')
(10119, [1, 0, 1, 0, 0, 0, 1, 1, 1, 1, 1, 0, 1, 1, 1, 1, 0, 1, 0, 0, 0, 1, 1, 1, 1, 1, 0, 1, 1, 1], -1, 660, 'optimal solution')
(10120, [0, 0, 0, 0, 0, 0, 0, 0, 0, 1, 1, 0, 1, 0, 1, 0, 0, 0, 0, 0, 0, 0, 0, 0, 1, 1, 0, 1, 0, 1], -1, 228, 'optimal solution')
(4.635868072509766, 'TIME FOR MAIN')
