9000 4 473  [1, 1, 0, 1]
9001 4 326  [0, 0, 1, 1]
9002 4 196  [1, 0, 0, 0]
9003 4 545  [1, 1, 0, 1]
9004 4 243  [0, 0, 0, 1]
9005 4 563  [1, 1, 1, 1]
9006 4 410  [0, 1, 1, 1]
9007 4 375  [1, 1, 0, 1]
9008 4 235  [1, 0, 0, 0]
9009 4 224  [1, 0, 0, 1]
9010 4 297  [0, 1, 0, 1]
9011 4 459  [1, 0, 0, 1]
9012 4 325  [1, 1, 1, 0]
9013 4 431  [1, 1, 0, 1]
9014 4 472  [0, 1, 1, 1]
9015 4 230  [0, 1, 1, 0]
9016 4 452  [1, 1, 0, 1]
9017 4 306  [1, 1, 0, 0]
9018 4 483  [0, 1, 1, 1]
9019 4 227  [0, 1, 0, 0]
9020 4 229  [1, 0, 0, 0]
9021 4 496  [1, 1, 1, 1]
9022 4 286  [1, 0, 1, 0]
9023 4 387  [1, 1, 0, 1]
9024 4 393  [0, 1, 1, 0]
9025 4 295  [1, 0, 1, 0]
9026 4 512  [1, 1, 1, 0]
9027 4 184  [0, 1, 0, 1]
9028 4 317  [0, 1, 0, 1]
9029 4 372  [1, 1, 0, 1]
9030 4 296  [0, 1, 0, 1]
9031 4 309  [1, 0, 0, 1]
9032 4 501  [1, 0, 1, 1]
9033 4 100  [1, 0, 1, 1]
9034 4 253  [1, 0, 0, 0]
9035 4 585  [1, 1, 0, 1]
9036 4 584  [1, 1, 1, 1]
9037 4 231  [1, 1, 0, 0]
9038 4 251  [1, 1, 0, 0]
9039 4 159  [0, 0, 0, 1]
9040 4 314  [1, 1, 0, 1]
9041 4 401  [1, 0, 1, 1]
9042 4 437  [1, 1, 0, 1]
9043 4 398  [0, 1, 1, 1]
9044 4 505  [1, 0, 1, 1]
9045 4 319  [0, 1, 1, 0]
9046 4 217  [1, 1, 1, 0]
9047 4 330  [1, 1, 0, 1]
9048 4 254  [1, 1, 0, 1]
9049 4 462  [0, 1, 1, 1]
9000 4 136  [1, 1, 1, 1]
10001 4 108  [0, 1, 0, 1]
10002 4 180  [1, 1, 1, 1]
10003 4 271  [1, 1, 0, 1]
10004 4 158  [1, 0, 1, 0]
10005 4 64  [1, 0, 0, 0]
10006 4 58  [1, 0, 1, 0]
10007 4 0  [0, 0, 0, 0]
10008 4 0  [0, 0, 0, 0]
10009 4 0  [0, 0, 0, 0]
10010 4 26  [0, 1, 0, 1]
10011 4 0  [0, 0, 0, 0]
10012 4 68  [0, 1, 0, 1]
10013 4 0  [0, 0, 0, 0]
10014 4 126  [1, 0, 1, 0]
10015 4 54  [0, 1, 0, 1]
10016 10 198  [0, 0, 1, 0, 0, 0, 0, 1, 0, 0]
10017 10 130  [0, 0, 0, 1, 1, 1, 0, 0, 1, 0]
10018 10 150  [0, 0, 0, 0, 1, 0, 0, 0, 1, 1]
10019 10 188  [0, 1, 0, 1, 1, 0, 1, 0, 1, 1]
10020 10 18  [0, 1, 0, 1, 0, 0, 1, 0, 1, 1]
10001 4 0  [0, 0, 0, 0]
10002 4 0  [0, 0, 0, 0]
10003 4 36  [1, 0, 0, 0]
10004 4 61  [1, 0, 0, 0]
10005 4 116  [1, 0, 1, 0]
10006 4 0  [0, 0, 0, 0]
10007 4 34  [1, 0, 1, 0]
10008 4 0  [0, 0, 0, 0]
10009 4 146  [1, 1, 1, 1]
10010 4 16  [1, 0, 0, 0]
10011 4 80  [1, 1, 1, 1]
10012 4 172  [1, 1, 1, 1]
10013 4 200  [0, 1, 0, 1]
10014 4 0  [0, 0, 0, 0]
10015 4 0  [0, 0, 0, 0]
10016 10 287  [1, 1, 0, 1, 1, 0, 1, 0, 1, 1]
10017 10 200  [1, 0, 0, 0, 0, 1, 0, 0, 0, 0]
10018 10 438  [1, 1, 1, 1, 1, 1, 1, 1, 1, 1]
10019 10 294  [1, 0, 1, 0, 1, 1, 0, 1, 0, 1]
10020 10 412  [0, 1, 1, 1, 0, 0, 1, 1, 1, 0]
10021 10 190  [0, 1, 1, 1, 0, 0, 0, 1, 0, 0]
10022 10 89  [0, 0, 1, 0, 1, 0, 0, 1, 0, 0]
10023 10 376  [1, 0, 0, 1, 1, 1, 0, 0, 1, 1]
10024 10 538  [1, 0, 0, 1, 1, 1, 0, 0, 1, 1]
10025 10 249  [1, 0, 0, 1, 1, 1, 0, 0, 1, 0]
10026 10 234  [0, 1, 0, 1, 1, 0, 1, 0, 1, 1]
10027 10 228  [0, 0, 1, 1, 1, 0, 0, 1, 1, 1]
10028 10 190  [0, 1, 1, 1, 0, 0, 1, 1, 1, 0]
10029 10 146  [0, 0, 1, 1, 0, 0, 0, 1, 1, 0]
10030 10 142  [0, 1, 0, 0, 1, 0, 1, 0, 0, 1]
10031 15 303  [0, 1, 1, 0, 1, 1, 0, 0, 0, 1, 0, 1, 0, 1, 1]
10032 15 242  [1, 0, 1, 0, 1, 0, 1, 1, 0, 0, 0, 0, 1, 1, 0]
10033 15 315  [1, 0, 0, 0, 1, 0, 1, 1, 0, 1, 1, 0, 0, 1, 0]
10034 15 518  [0, 0, 1, 0, 0, 1, 1, 1, 1, 0, 1, 1, 0, 0, 0]
10035 15 401  [1, 1, 1, 1, 0, 1, 1, 0, 0, 0, 0, 0, 1, 1, 0]
10036 15 411  [1, 1, 1, 1, 0, 0, 0, 1, 0, 1, 0, 0, 0, 0, 1]
10037 15 483  [0, 0, 0, 0, 1, 1, 1, 0, 1, 1, 1, 1, 0, 0, 1]
10038 15 193  [1, 1, 1, 0, 0, 0, 0, 0, 0, 0, 1, 1, 0, 0, 0]
10039 15 279  [1, 1, 1, 1, 0, 1, 1, 0, 0, 1, 1, 0, 1, 1, 0]
10040 15 158  [1, 0, 1, 0, 0, 0, 0, 0, 0, 1, 0, 1, 1, 1, 0]
10041 15 308  [1, 1, 0, 1, 0, 1, 1, 0, 0, 1, 0, 0, 0, 0, 0]
10042 15 344  [1, 1, 1, 0, 0, 1, 0, 0, 0, 0, 1, 1, 0, 1, 1]
10043 15 413  [1, 0, 1, 0, 0, 0, 0, 1, 1, 0, 0, 1, 1, 0, 1]
10044 15 121  [1, 1, 1, 0, 0, 0, 0, 0, 1, 0, 0, 0, 0, 1, 0]
10045 15 436  [0, 0, 0, 1, 0, 1, 0, 1, 0, 1, 1, 0, 1, 0, 1]
10046 20 253  [0, 1, 0, 0, 0, 1, 0, 0, 1, 0, 0, 1, 0, 0, 0, 1, 0, 0, 0, 0]
10047 20 288  [0, 0, 0, 0, 1, 1, 0, 0, 0, 0, 0, 0, 0, 0, 1, 1, 0, 0, 0, 0]
10048 20 250  [0, 0, 0, 0, 1, 1, 0, 0, 0, 0, 0, 0, 0, 0, 1, 1, 0, 0, 0, 0]
10049 20 771  [1, 1, 0, 1, 1, 0, 1, 1, 0, 1, 1, 0, 0, 0, 1, 0, 1, 1, 0, 1]
10050 20 400  [1, 1, 0, 0, 0, 1, 0, 1, 0, 1, 1, 1, 0, 0, 0, 1, 0, 1, 0, 1]
10051 20 859  [0, 0, 1, 1, 1, 1, 0, 1, 1, 1, 0, 0, 1, 1, 1, 1, 0, 0, 1, 1]
10052 20 632  [0, 0, 1, 1, 0, 1, 1, 1, 1, 0, 0, 0, 1, 1, 0, 1, 1, 1, 0, 0]
10053 20 150  [0, 0, 1, 0, 1, 0, 1, 0, 0, 1, 0, 0, 0, 0, 1, 0, 1, 0, 0, 0]
10054 20 303  [0, 0, 0, 0, 1, 1, 0, 0, 0, 1, 0, 0, 0, 0, 1, 0, 0, 1, 0, 1]
10055 20 495  [1, 0, 1, 0, 1, 0, 0, 1, 0, 0, 1, 0, 1, 0, 1, 0, 0, 0, 0, 0]
10056 20 194  [0, 0, 0, 1, 0, 0, 0, 0, 0, 0, 0, 0, 0, 1, 0, 0, 0, 0, 0, 0]
10057 20 378  [1, 0, 1, 0, 1, 0, 0, 0, 0, 0, 1, 0, 1, 0, 1, 0, 0, 0, 0, 0]
10058 20 594  [0, 1, 1, 0, 1, 1, 0, 1, 0, 1, 0, 1, 1, 0, 1, 1, 0, 1, 0, 1]
10059 20 481  [1, 0, 1, 1, 1, 1, 1, 0, 0, 0, 1, 0, 1, 1, 1, 0, 1, 0, 0, 0]
10060 20 270  [1, 0, 0, 0, 0, 1, 1, 0, 1, 1, 1, 0, 0, 0, 0, 0, 1, 0, 1, 0]
10061 22 302  [0, 1, 0, 0, 0, 0, 1, 0, 0, 1, 0, 0, 1, 0, 0, 0, 0, 1, 0, 0, 1, 0]
10062 22 378  [0, 1, 0, 0, 1, 1, 0, 1, 0, 1, 1, 0, 0, 0, 0, 1, 0, 0, 1, 0, 1, 0]
10063 22 462  [0, 0, 0, 1, 1, 0, 1, 0, 1, 0, 0, 0, 0, 0, 1, 1, 0, 1, 0, 1, 0, 0]
10064 22 530  [1, 0, 0, 0, 0, 0, 1, 1, 0, 0, 1, 1, 0, 0, 0, 0, 0, 1, 1, 0, 0, 1]
10065 22 304  [0, 1, 1, 0, 1, 0, 1, 0, 0, 0, 0, 0, 0, 1, 0, 1, 1, 0, 0, 0, 0, 0]
10066 22 402  [1, 0, 0, 1, 0, 0, 0, 1, 0, 1, 1, 1, 0, 0, 1, 0, 0, 0, 1, 0, 1, 1]
10067 22 46  [0, 0, 0, 0, 0, 0, 1, 0, 0, 0, 0, 0, 0, 0, 0, 0, 0, 1, 0, 0, 0, 0]
10068 22 502  [1, 0, 0, 0, 1, 1, 1, 0, 0, 1, 0, 1, 0, 0, 0, 1, 1, 1, 0, 0, 1, 0]
10069 22 706  [0, 0, 1, 1, 1, 1, 1, 1, 0, 1, 1, 0, 0, 1, 1, 1, 1, 1, 1, 0, 1, 1]
10070 22 337  [1, 0, 0, 0, 0, 1, 1, 1, 1, 0, 1, 1, 0, 0, 0, 0, 1, 0, 1, 1, 0, 0]
10071 22 750  [1, 0, 0, 1, 1, 1, 0, 0, 0, 1, 1, 1, 0, 0, 1, 1, 1, 0, 0, 0, 1, 1]
10072 22 96  [1, 0, 1, 0, 0, 0, 0, 0, 0, 0, 0, 1, 0, 1, 0, 0, 0, 0, 0, 0, 0, 0]
10073 22 784  [1, 0, 0, 0, 1, 1, 0, 0, 1, 1, 1, 1, 0, 0, 0, 1, 1, 0, 0, 1, 1, 1]
10074 22 406  [0, 1, 1, 1, 0, 0, 0, 0, 1, 0, 0, 0, 1, 1, 1, 0, 0, 0, 0, 1, 0, 0]
10075 22 197  [0, 1, 0, 0, 1, 0, 0, 1, 0, 0, 0, 0, 1, 0, 1, 0, 0, 0, 1, 0, 0, 0]
10076 25 510  [0, 0, 0, 0, 1, 1, 0, 0, 1, 1, 0, 1, 0, 0, 1, 0, 1, 1, 0, 0, 1, 0, 0, 1, 0]
10077 25 534  [1, 1, 1, 0, 0, 0, 0, 0, 1, 1, 1, 0, 0, 1, 0, 1, 0, 1, 0, 1, 0, 0, 0, 0, 0]
10078 25 309  [0, 0, 0, 1, 0, 1, 0, 0, 1, 0, 1, 0, 0, 0, 0, 0, 0, 0, 0, 0, 1, 1, 1, 1, 1]
10079 25 401  [1, 0, 0, 1, 0, 0, 1, 0, 0, 0, 0, 0, 1, 0, 1, 0, 0, 1, 0, 0, 1, 0, 0, 1, 1]
10080 25 545  [0, 0, 1, 0, 0, 0, 0, 0, 1, 1, 0, 0, 0, 1, 0, 1, 1, 0, 1, 1, 1, 0, 0, 1, 0]
10081 25 591  [0, 1, 0, 1, 1, 0, 1, 1, 0, 0, 1, 1, 1, 0, 0, 1, 1, 0, 0, 0, 1, 1, 1, 0, 0]
10082 25 716  [0, 1, 0, 0, 1, 1, 1, 1, 1, 1, 0, 1, 0, 0, 0, 1, 1, 1, 1, 0, 1, 0, 0, 1, 0]
10083 25 617  [1, 0, 1, 1, 1, 0, 1, 0, 1, 1, 0, 1, 0, 1, 0, 1, 1, 1, 1, 1, 1, 0, 1, 1, 0]
10084 25 699  [1, 1, 0, 0, 1, 0, 1, 0, 1, 0, 0, 0, 0, 1, 1, 1, 0, 0, 0, 1, 0, 0, 1, 1, 0]
10085 25 597  [0, 1, 1, 0, 0, 0, 1, 1, 0, 0, 0, 0, 0, 1, 1, 0, 1, 1, 0, 1, 1, 1, 1, 1, 0]
10086 25 687  [1, 1, 1, 0, 1, 0, 0, 0, 1, 0, 1, 1, 1, 0, 1, 0, 1, 1, 0, 1, 1, 0, 1, 1, 0]
10087 25 540  [1, 0, 1, 0, 0, 1, 0, 0, 0, 1, 0, 0, 1, 0, 0, 1, 0, 0, 0, 1, 1, 0, 1, 0, 1]
10088 25 331  [1, 1, 0, 0, 0, 0, 0, 0, 1, 0, 1, 1, 1, 0, 0, 0, 1, 0, 1, 0, 0, 0, 1, 1, 1]
10089 25 588  [1, 1, 0, 1, 1, 0, 1, 0, 0, 0, 1, 0, 1, 1, 1, 1, 1, 0, 0, 0, 1, 0, 0, 1, 1]
10090 25 574  [1, 0, 0, 0, 0, 1, 1, 0, 1, 0, 1, 0, 0, 1, 1, 0, 1, 0, 1, 0, 1, 0, 0, 1, 1]
10091 27 633  [0, 0, 1, 0, 1, 1, 0, 0, 0, 0, 0, 1, 0, 1, 0, 1, 0, 0, 0, 1, 0, 0, 1, 1, 0, 1, 0]
10092 27 393  [0, 1, 1, 0, 1, 0, 0, 0, 1, 0, 0, 0, 0, 1, 1, 0, 0, 0, 1, 0, 0, 0, 0, 0, 0, 1, 1]
10093 27 784  [1, 0, 0, 0, 0, 1, 1, 1, 1, 0, 0, 0, 0, 0, 1, 0, 1, 0, 1, 0, 0, 1, 1, 1, 1, 1, 1]
10094 27 496  [0, 1, 0, 0, 0, 0, 0, 1, 0, 0, 0, 1, 0, 0, 0, 1, 0, 1, 1, 0, 1, 0, 1, 1, 1, 1, 1]
10095 27 615  [0, 1, 0, 0, 1, 0, 0, 1, 1, 0, 0, 0, 0, 0, 1, 0, 1, 1, 0, 0, 0, 1, 0, 1, 0, 1, 0]
10096 27 811  [1, 1, 0, 0, 0, 1, 1, 1, 1, 0, 0, 1, 0, 0, 0, 1, 1, 1, 1, 0, 0, 1, 1, 0, 1, 0, 0]
10097 27 744  [0, 1, 0, 1, 0, 1, 0, 0, 1, 0, 0, 0, 1, 1, 1, 0, 1, 0, 0, 1, 1, 1, 0, 1, 0, 1, 0]
10098 27 536  [0, 1, 0, 0, 0, 0, 0, 1, 0, 1, 0, 1, 0, 0, 1, 0, 1, 1, 0, 1, 0, 1, 1, 1, 0, 0, 0]
10099 27 630  [0, 0, 0, 1, 0, 1, 0, 0, 0, 0, 1, 1, 0, 0, 1, 1, 1, 0, 1, 0, 1, 1, 1, 1, 0, 0, 1]
10100 27 581  [1, 1, 1, 1, 0, 1, 1, 1, 0, 0, 1, 1, 0, 0, 0, 1, 0, 0, 0, 1, 0, 0, 1, 0, 0, 0, 0]
10101 27 592  [0, 1, 1, 0, 0, 0, 0, 0, 0, 1, 1, 0, 0, 1, 1, 0, 0, 0, 1, 1, 1, 0, 1, 0, 0, 1, 0]
10102 27 483  [1, 0, 1, 0, 1, 0, 1, 0, 0, 0, 0, 1, 1, 0, 1, 1, 1, 0, 1, 1, 0, 0, 0, 0, 1, 0, 0]
10103 27 877  [0, 1, 0, 0, 1, 1, 0, 0, 0, 0, 1, 1, 1, 1, 1, 0, 1, 1, 0, 1, 1, 1, 0, 1, 0, 0, 1]
10104 27 1016  [0, 0, 1, 0, 1, 1, 0, 1, 0, 0, 1, 0, 1, 1, 1, 1, 0, 1, 0, 0, 1, 1, 1, 1, 0, 1, 0]
10105 27 778  [0, 1, 0, 0, 0, 1, 1, 1, 1, 0, 0, 1, 1, 1, 1, 0, 1, 1, 1, 0, 0, 1, 1, 0, 1, 0, 0]
10106 30 497  [0, 1, 1, 0, 0, 0, 0, 1, 0, 0, 0, 1, 1, 1, 1, 0, 1, 1, 0, 1, 0, 0, 0, 0, 0, 0, 1, 1, 1, 0]
10107 30 668  [0, 0, 1, 1, 0, 1, 0, 0, 1, 1, 0, 1, 0, 1, 1, 0, 0, 1, 1, 0, 1, 0, 0, 1, 1, 0, 1, 0, 1, 1]
10108 30 892  [0, 1, 0, 1, 0, 1, 1, 1, 0, 1, 1, 0, 0, 0, 0, 0, 0, 0, 1, 0, 1, 1, 1, 1, 1, 1, 0, 0, 0, 0]
10109 30 642  [0, 0, 0, 1, 1, 1, 0, 1, 1, 0, 0, 1, 0, 1, 0, 0, 0, 0, 1, 1, 1, 0, 1, 1, 0, 0, 1, 0, 1, 0]
10110 30 604  [1, 0, 0, 1, 0, 0, 0, 1, 1, 1, 0, 0, 0, 0, 0, 1, 0, 0, 1, 0, 0, 0, 1, 1, 1, 0, 0, 0, 0, 0]
10111 30 748  [0, 1, 1, 1, 1, 0, 0, 0, 0, 1, 1, 0, 0, 1, 0, 0, 1, 1, 1, 1, 0, 0, 0, 0, 1, 0, 0, 0, 1, 1]
10112 30 1120  [1, 1, 1, 1, 1, 1, 0, 1, 0, 1, 0, 1, 0, 1, 0, 1, 1, 1, 1, 1, 1, 0, 1, 0, 1, 0, 1, 0, 1, 1]
10113 30 1076  [1, 0, 1, 1, 0, 1, 1, 0, 1, 0, 1, 1, 1, 0, 1, 1, 0, 1, 1, 0, 1, 1, 0, 1, 0, 1, 1, 1, 0, 1]
10114 30 481  [0, 0, 0, 0, 0, 1, 0, 0, 1, 1, 1, 1, 0, 0, 0, 0, 0, 0, 0, 0, 1, 0, 0, 1, 1, 1, 1, 0, 0, 1]
10115 30 489  [0, 0, 0, 0, 1, 1, 1, 1, 0, 0, 1, 0, 0, 1, 0, 0, 0, 0, 0, 1, 1, 1, 1, 0, 0, 1, 0, 0, 0, 0]
10116 30 615  [1, 0, 1, 1, 0, 1, 0, 0, 1, 0, 1, 1, 0, 0, 0, 1, 0, 1, 0, 0, 1, 0, 0, 1, 0, 1, 1, 0, 0, 0]
10117 30 405  [1, 0, 0, 0, 1, 1, 0, 0, 0, 1, 0, 1, 1, 0, 0, 0, 0, 0, 0, 1, 1, 0, 0, 0, 1, 0, 1, 1, 0, 0]
10118 30 759  [1, 1, 1, 1, 1, 1, 1, 0, 0, 0, 0, 0, 0, 0, 1, 1, 1, 1, 1, 0, 1, 1, 0, 0, 0, 0, 0, 0, 0, 1]
10119 30 684  [0, 0, 0, 1, 0, 0, 0, 0, 1, 1, 0, 1, 0, 1, 1, 0, 0, 0, 1, 0, 0, 0, 0, 1, 1, 0, 1, 0, 1, 1]
10120 30 502  [1, 0, 1, 1, 0, 0, 1, 1, 0, 1, 0, 1, 1, 1, 0, 1, 0, 1, 1, 0, 0, 1, 1, 0, 1, 0, 1, 1, 0, 0]
10001 4 0  [0, 0, 0, 0]
10002 4 0  [0, 0, 0, 0]
10003 4 160  [0, 1, 0, 1]
10004 4 160  [1, 0, 1, 0]
10005 4 0  [0, 0, 0, 0]
10006 4 0  [0, 0, 0, 0]
10007 4 0  [0, 0, 0, 0]
10008 4 74  [1, 0, 0, 0]
10009 4 0  [0, 0, 0, 0]
10010 4 0  [0, 0, 0, 0]
10011 4 72  [1, 1, 1, 1]
10012 4 144  [0, 1, 0, 1]
10013 4 0  [0, 0, 0, 0]
10014 4 0  [0, 0, 0, 0]
10015 4 0  [0, 0, 0, 0]
10016 10 252  [1, 0, 0, 0, 1, 1, 0, 0, 0, 0]
10017 10 224  [0, 1, 0, 1, 1, 0, 1, 0, 1, 1]
10018 10 345  [0, 0, 1, 1, 1, 1, 0, 1, 1, 1]
10019 10 402  [1, 1, 1, 1, 0, 1, 1, 1, 1, 0]
10020 10 186  [0, 0, 0, 0, 1, 0, 0, 0, 0, 1]
10021 10 206  [0, 1, 1, 1, 0, 0, 1, 1, 1, 0]
10022 10 62  [0, 0, 0, 0, 1, 0, 0, 0, 0, 1]
10023 10 526  [1, 1, 0, 1, 0, 1, 1, 0, 1, 0]
10024 10 582  [1, 0, 1, 1, 1, 1, 0, 1, 1, 1]
10025 10 308  [1, 0, 1, 0, 1, 1, 0, 1, 0, 1]
10026 10 632  [1, 1, 0, 1, 1, 1, 1, 0, 1, 1]
10027 10 270  [1, 1, 0, 1, 0, 1, 1, 0, 0, 0]
10028 10 444  [1, 1, 1, 0, 1, 1, 1, 0, 0, 0]
10029 10 328  [1, 0, 1, 1, 0, 1, 0, 1, 1, 0]
10030 10 184  [1, 1, 0, 0, 0, 1, 1, 0, 0, 0]
10031 15 253  [0, 0, 1, 1, 0, 0, 1, 0, 0, 0, 1, 0, 1, 0, 0]
10032 15 384  [0, 1, 0, 0, 1, 0, 0, 1, 1, 1, 0, 0, 1, 1, 1]
10033 15 281  [0, 0, 0, 1, 1, 1, 0, 1, 0, 1, 1, 0, 0, 0, 1]
10034 15 69  [0, 0, 0, 0, 1, 1, 0, 0, 0, 1, 0, 0, 0, 0, 0]
10035 15 506  [0, 1, 0, 0, 1, 0, 0, 1, 1, 1, 0, 0, 0, 1, 1]
10036 15 380  [0, 0, 1, 0, 1, 1, 0, 1, 1, 1, 1, 0, 0, 0, 0]
10037 15 235  [0, 1, 0, 1, 0, 0, 1, 0, 0, 0, 0, 0, 0, 0, 0]
10038 15 283  [0, 0, 0, 0, 1, 0, 0, 1, 1, 0, 1, 0, 1, 1, 0]
10039 15 437  [1, 0, 0, 0, 0, 0, 0, 1, 1, 1, 1, 1, 1, 1, 0]
10040 15 261  [1, 0, 0, 0, 0, 1, 1, 0, 1, 1, 1, 0, 0, 0, 0]
10041 15 222  [0, 0, 1, 0, 0, 1, 0, 0, 1, 0, 1, 0, 1, 0, 0]
10042 15 292  [1, 0, 0, 0, 1, 1, 0, 0, 1, 1, 0, 0, 0, 0, 1]
10043 15 199  [0, 1, 1, 1, 0, 0, 1, 0, 0, 0, 0, 0, 1, 0, 0]
10044 15 374  [1, 0, 1, 1, 0, 0, 0, 0, 0, 1, 0, 1, 0, 1, 0]
10045 15 381  [0, 0, 1, 0, 1, 1, 0, 1, 1, 0, 0, 0, 0, 0, 1]
10046 20 328  [0, 0, 0, 1, 1, 0, 0, 1, 1, 0, 0, 0, 0, 1, 1, 0, 0, 1, 1, 0]
10047 20 715  [1, 1, 0, 1, 1, 1, 0, 0, 1, 1, 1, 1, 0, 1, 1, 1, 0, 0, 0, 1]
10048 20 302  [1, 1, 0, 1, 0, 0, 0, 0, 1, 0, 1, 1, 0, 1, 0, 0, 0, 0, 1, 1]
10049 20 172  [0, 1, 0, 0, 0, 0, 0, 1, 0, 0, 0, 1, 0, 0, 0, 0, 0, 1, 0, 0]
10050 20 432  [1, 0, 0, 0, 1, 1, 1, 1, 0, 0, 1, 0, 0, 0, 1, 1, 1, 1, 0, 0]
10051 20 200  [1, 0, 0, 0, 0, 1, 0, 0, 0, 0, 1, 0, 0, 1, 0, 0, 0, 0, 0, 0]
10052 20 222  [1, 0, 1, 1, 0, 1, 0, 0, 1, 1, 1, 0, 1, 1, 0, 1, 0, 0, 0, 1]
10053 20 275  [0, 1, 0, 0, 0, 1, 0, 0, 0, 0, 0, 1, 1, 0, 0, 1, 0, 0, 0, 0]
10054 20 170  [1, 1, 1, 0, 0, 0, 0, 0, 0, 0, 1, 1, 1, 0, 0, 0, 0, 0, 0, 0]
10055 20 986  [1, 1, 1, 1, 1, 1, 1, 0, 1, 1, 1, 1, 1, 1, 1, 1, 1, 0, 1, 1]
10056 20 540  [0, 0, 1, 1, 0, 0, 1, 1, 1, 0, 0, 0, 1, 1, 0, 0, 1, 1, 1, 0]
10057 20 252  [1, 1, 1, 0, 1, 0, 0, 1, 0, 0, 1, 1, 1, 0, 1, 0, 0, 1, 1, 0]
10058 20 606  [0, 1, 1, 0, 1, 1, 1, 0, 0, 0, 0, 1, 1, 0, 1, 1, 0, 0, 0, 0]
10059 20 266  [1, 1, 0, 0, 1, 0, 0, 0, 0, 0, 1, 1, 0, 0, 1, 0, 0, 0, 0, 0]
10060 20 562  [0, 0, 0, 1, 1, 0, 0, 0, 1, 1, 0, 0, 0, 1, 1, 0, 0, 0, 1, 1]
10061 22 315  [0, 1, 1, 0, 0, 1, 0, 0, 0, 0, 0, 0, 0, 1, 0, 0, 1, 0, 0, 1, 0, 0]
10062 22 512  [0, 1, 1, 1, 0, 0, 1, 0, 1, 1, 0, 0, 1, 1, 1, 0, 0, 1, 0, 1, 1, 0]
10063 22 584  [0, 1, 1, 0, 1, 0, 1, 1, 1, 1, 0, 1, 1, 1, 0, 1, 0, 1, 1, 0, 0, 0]
10064 22 522  [1, 0, 0, 1, 0, 0, 0, 1, 1, 1, 0, 1, 0, 0, 1, 0, 0, 0, 1, 1, 1, 0]
10065 22 354  [0, 0, 0, 0, 1, 0, 0, 1, 1, 0, 0, 0, 0, 1, 0, 1, 0, 0, 1, 1, 0, 0]
10066 22 727  [0, 1, 1, 1, 0, 0, 1, 1, 0, 1, 1, 0, 1, 1, 1, 0, 0, 1, 1, 0, 0, 1]
10067 22 202  [0, 0, 1, 0, 1, 0, 1, 0, 0, 0, 0, 0, 0, 1, 0, 1, 0, 1, 0, 0, 0, 0]
10068 22 660  [1, 1, 1, 1, 0, 1, 0, 0, 1, 1, 0, 1, 1, 1, 1, 0, 1, 0, 0, 1, 1, 0]
10069 22 487  [0, 1, 0, 0, 1, 0, 0, 1, 1, 0, 1, 0, 1, 0, 0, 1, 0, 0, 1, 0, 0, 1]
10070 22 408  [0, 1, 0, 0, 0, 0, 0, 0, 1, 1, 0, 0, 1, 0, 0, 0, 0, 0, 0, 1, 1, 0]
10071 22 312  [0, 1, 0, 0, 0, 1, 0, 0, 1, 0, 0, 0, 1, 0, 0, 0, 1, 0, 0, 1, 0, 0]
10072 22 1132  [1, 1, 1, 1, 1, 1, 1, 1, 0, 1, 1, 1, 1, 1, 1, 1, 1, 1, 1, 0, 1, 1]
10073 22 369  [1, 0, 0, 0, 1, 0, 0, 1, 0, 1, 1, 1, 0, 0, 0, 1, 0, 0, 1, 0, 1, 0]
10074 22 444  [1, 1, 0, 1, 1, 0, 0, 0, 0, 0, 1, 1, 1, 0, 1, 1, 0, 0, 0, 0, 0, 0]
10075 22 728  [0, 1, 1, 1, 0, 0, 1, 1, 1, 1, 1, 0, 1, 1, 1, 0, 0, 1, 1, 1, 1, 1]
10076 25 588  [0, 0, 0, 0, 1, 0, 1, 1, 1, 1, 1, 0, 1, 0, 1, 0, 0, 0, 1, 0, 1, 0, 1, 0, 1]
10077 25 748  [1, 0, 1, 0, 1, 1, 0, 1, 0, 0, 0, 1, 0, 1, 1, 1, 0, 0, 0, 1, 0, 1, 0, 0, 0]
10078 25 794  [0, 1, 0, 1, 0, 0, 0, 1, 1, 1, 0, 1, 0, 1, 1, 1, 1, 0, 1, 1, 0, 1, 0, 1, 0]
10079 25 705  [0, 0, 1, 1, 1, 0, 1, 0, 0, 1, 0, 0, 1, 1, 1, 1, 0, 0, 1, 0, 1, 0, 1, 0, 1]
10080 25 660  [1, 1, 0, 0, 0, 1, 0, 1, 1, 0, 1, 1, 1, 0, 0, 0, 1, 1, 0, 0, 0, 0, 0, 0, 0]
10081 25 621  [1, 0, 0, 0, 0, 0, 1, 0, 1, 1, 0, 0, 1, 1, 0, 1, 0, 1, 1, 0, 1, 1, 0, 0, 1]
10082 25 446  [0, 1, 0, 0, 0, 1, 0, 1, 1, 1, 1, 0, 0, 0, 1, 0, 0, 1, 1, 1, 1, 0, 0, 0, 0]
10083 25 664  [1, 1, 0, 0, 0, 1, 1, 0, 0, 1, 0, 0, 1, 0, 1, 1, 1, 1, 0, 1, 0, 0, 1, 0, 1]
10084 25 588  [0, 0, 0, 1, 1, 1, 1, 0, 1, 1, 1, 1, 1, 0, 1, 1, 0, 1, 0, 0, 1, 0, 1, 0, 0]
10085 25 689  [0, 0, 1, 1, 0, 0, 1, 1, 1, 0, 0, 0, 0, 0, 1, 0, 1, 0, 0, 1, 0, 0, 1, 1, 0]
10086 25 662  [0, 1, 0, 0, 1, 1, 0, 0, 0, 0, 0, 1, 1, 0, 1, 1, 1, 0, 1, 1, 0, 1, 1, 0, 0]
10087 25 611  [1, 1, 0, 1, 1, 1, 0, 0, 1, 0, 0, 1, 1, 0, 0, 1, 0, 0, 0, 0, 0, 1, 1, 1, 0]
10088 25 559  [1, 1, 0, 0, 0, 1, 1, 1, 1, 1, 0, 1, 0, 1, 0, 0, 1, 1, 0, 0, 0, 0, 0, 0, 1]
10089 25 662  [0, 1, 1, 0, 1, 1, 1, 1, 1, 0, 0, 0, 1, 1, 0, 0, 1, 0, 1, 1, 0, 1, 0, 1, 1]
10090 25 564  [0, 0, 0, 1, 1, 1, 0, 0, 1, 0, 0, 1, 1, 1, 1, 0, 1, 1, 0, 1, 0, 0, 1, 0, 0]
10091 27 878  [1, 0, 1, 0, 0, 0, 0, 0, 0, 1, 1, 1, 0, 1, 1, 1, 0, 1, 1, 1, 1, 1, 1, 1, 1, 0, 1]
10092 27 799  [1, 0, 1, 0, 0, 0, 1, 1, 1, 0, 1, 0, 0, 1, 1, 1, 0, 1, 1, 0, 1, 0, 1, 1, 1, 1, 1]
10093 27 618  [0, 1, 1, 1, 1, 1, 0, 1, 1, 0, 1, 1, 1, 0, 0, 1, 1, 0, 0, 0, 1, 0, 1, 0, 0, 0, 0]
10094 27 599  [0, 1, 0, 1, 1, 0, 1, 1, 1, 1, 0, 0, 1, 0, 1, 1, 0, 0, 0, 1, 0, 0, 1, 0, 1, 0, 0]
10095 27 584  [1, 1, 1, 0, 0, 0, 0, 1, 1, 1, 1, 0, 1, 0, 0, 0, 0, 0, 0, 0, 0, 0, 0, 1, 0, 0, 0]
10096 27 690  [0, 0, 1, 1, 1, 0, 0, 0, 1, 1, 0, 0, 1, 1, 1, 0, 1, 0, 1, 1, 1, 1, 1, 0, 1, 1, 1]
10097 27 860  [0, 0, 0, 1, 0, 0, 0, 0, 0, 1, 0, 1, 0, 1, 1, 0, 0, 1, 1, 1, 1, 1, 1, 1, 1, 1, 1]
10098 27 391  [0, 0, 1, 0, 1, 1, 0, 1, 1, 0, 1, 1, 0, 0, 0, 0, 0, 0, 0, 0, 1, 0, 1, 0, 0, 0, 1]
10099 27 766  [0, 0, 0, 1, 1, 1, 1, 1, 0, 0, 1, 0, 0, 0, 1, 1, 1, 0, 0, 0, 1, 1, 1, 0, 1, 1, 1]
10100 27 705  [1, 1, 1, 0, 1, 1, 1, 1, 1, 1, 1, 1, 1, 0, 0, 0, 0, 1, 0, 0, 0, 0, 0, 0, 1, 0, 0]
10101 27 587  [0, 0, 1, 1, 1, 1, 1, 0, 1, 1, 1, 1, 0, 1, 1, 0, 0, 1, 0, 0, 0, 0, 0, 0, 1, 0, 0]
10102 27 557  [1, 1, 1, 0, 0, 0, 0, 1, 1, 0, 0, 1, 0, 1, 0, 0, 0, 0, 1, 0, 1, 0, 1, 0, 1, 1, 0]
10103 27 588  [0, 1, 0, 0, 1, 1, 0, 1, 1, 0, 0, 1, 1, 0, 1, 0, 0, 0, 0, 1, 1, 0, 0, 0, 1, 0, 0]
10104 27 481  [0, 1, 0, 1, 1, 1, 0, 0, 1, 1, 0, 0, 1, 1, 0, 1, 1, 0, 1, 0, 1, 1, 0, 0, 0, 1, 0]
10105 27 632  [0, 1, 1, 1, 1, 0, 0, 0, 1, 1, 0, 1, 0, 0, 0, 0, 0, 0, 0, 0, 0, 1, 1, 1, 1, 0, 1]
10106 30 478  [1, 0, 1, 1, 1, 1, 0, 1, 0, 0, 0, 1, 0, 1, 0, 1, 0, 1, 1, 1, 1, 0, 1, 0, 0, 0, 1, 0, 1, 0]
10107 30 978  [0, 1, 1, 0, 0, 1, 1, 1, 1, 1, 0, 0, 1, 1, 1, 0, 1, 1, 0, 0, 1, 1, 1, 1, 1, 0, 0, 1, 1, 1]
10108 30 672  [1, 0, 0, 1, 0, 1, 0, 1, 0, 0, 0, 0, 1, 1, 1, 1, 0, 0, 1, 0, 1, 0, 1, 0, 0, 0, 0, 1, 1, 1]
10109 30 769  [1, 1, 0, 0, 0, 1, 0, 0, 1, 0, 1, 1, 1, 0, 0, 1, 1, 0, 0, 0, 1, 0, 0, 1, 0, 1, 0, 1, 0, 0]
10110 30 576  [0, 1, 0, 0, 0, 1, 1, 0, 0, 1, 1, 0, 1, 0, 1, 0, 1, 0, 0, 0, 1, 1, 0, 0, 1, 1, 0, 1, 0, 1]
10111 30 344  [1, 0, 0, 0, 0, 0, 1, 0, 1, 0, 0, 1, 0, 0, 1, 1, 0, 0, 0, 0, 0, 1, 0, 1, 0, 0, 1, 0, 0, 1]
10112 30 854  [1, 1, 0, 0, 0, 1, 0, 0, 1, 0, 1, 0, 1, 1, 0, 1, 1, 0, 0, 0, 1, 0, 0, 1, 0, 1, 0, 1, 1, 0]
10113 30 693  [1, 1, 1, 0, 0, 0, 0, 1, 1, 0, 0, 0, 1, 1, 1, 1, 1, 1, 0, 0, 0, 0, 1, 1, 0, 0, 0, 1, 0, 0]
10114 30 666  [1, 0, 0, 0, 1, 1, 0, 0, 1, 1, 0, 1, 0, 0, 1, 0, 0, 0, 0, 1, 1, 0, 0, 1, 1, 0, 1, 0, 0, 0]
10115 30 768  [0, 1, 1, 0, 0, 0, 0, 1, 1, 0, 1, 0, 0, 0, 1, 0, 1, 1, 0, 0, 0, 0, 1, 1, 0, 1, 0, 0, 0, 1]
10116 30 402  [0, 1, 0, 0, 1, 0, 0, 0, 0, 1, 0, 1, 0, 1, 0, 0, 1, 0, 0, 1, 0, 0, 0, 0, 1, 0, 1, 0, 1, 1]
10117 30 845  [0, 1, 0, 1, 0, 1, 1, 0, 0, 1, 1, 1, 0, 1, 0, 0, 1, 0, 1, 0, 1, 0, 0, 0, 1, 1, 1, 0, 0, 0]
10118 30 896  [0, 1, 1, 1, 1, 0, 1, 1, 1, 0, 0, 0, 0, 1, 0, 0, 1, 1, 1, 1, 0, 0, 1, 1, 1, 0, 0, 0, 1, 0]
10119 30 660  [1, 0, 1, 0, 0, 0, 1, 1, 1, 1, 1, 0, 1, 1, 1, 1, 0, 1, 0, 0, 0, 1, 1, 1, 1, 1, 0, 1, 1, 1]
10120 30 228  [0, 0, 0, 0, 0, 0, 0, 0, 0, 1, 1, 0, 1, 0, 1, 0, 0, 0, 0, 0, 0, 0, 0, 0, 1, 1, 0, 1, 0, 1]
