**********RESULT OF inst/knap_10.inst.dat **************
(9050, [0, 1, 1, 1, 0, 1, 1, 1, 0, 1], -1, 798, 'optimal solution')
(9051, [1, 1, 1, 0, 1, 1, 1, 1, 0, 1], -1, 942, 'optimal solution')
(9052, [0, 0, 1, 1, 0, 0, 1, 1, 1, 1], -1, 736, 'optimal solution')
(9053, [1, 1, 1, 1, 1, 0, 1, 0, 1, 0], -1, 956, 'optimal solution')
(9054, [1, 1, 1, 1, 1, 0, 1, 1, 1, 0], -1, 1501, 'optimal solution')
(9055, [1, 0, 1, 1, 1, 1, 1, 1, 1, 1], -1, 1351, 'optimal solution')
(9056, [1, 1, 1, 1, 0, 1, 1, 1, 1, 1], -1, 1375, 'optimal solution')
(9057, [0, 1, 1, 1, 0, 1, 1, 1, 1, 1], -1, 1153, 'optimal solution')
(9058, [1, 1, 1, 0, 0, 1, 1, 1, 1, 0], -1, 1220, 'optimal solution')
(9059, [1, 0, 1, 1, 1, 0, 0, 1, 1, 1], -1, 1260, 'optimal solution')
(9060, [1, 1, 1, 0, 1, 1, 0, 0, 1, 1], -1, 1319, 'optimal solution')
(9061, [1, 1, 1, 1, 1, 1, 0, 1, 1, 1], -1, 1169, 'optimal solution')
(9062, [0, 0, 0, 0, 0, 0, 0, 0, 0, 1], -1, 99, 'optimal solution')
(9063, [0, 1, 1, 1, 1, 1, 1, 1, 0, 0], -1, 1023, 'optimal solution')
(9064, [1, 1, 0, 1, 0, 1, 1, 1, 1, 1], -1, 1226, 'optimal solution')
(9065, [0, 1, 0, 1, 0, 1, 1, 0, 0, 1], -1, 1168, 'optimal solution')
(9066, [1, 1, 0, 1, 0, 1, 1, 1, 1, 1], -1, 1024, 'optimal solution')
(9067, [1, 1, 1, 1, 0, 0, 1, 0, 1, 1], -1, 1195, 'optimal solution')
(9068, [1, 1, 1, 1, 1, 1, 0, 1, 0, 0], -1, 872, 'optimal solution')
(9069, [1, 1, 1, 0, 1, 0, 1, 1, 1, 0], -1, 1099, 'optimal solution')
(9070, [0, 0, 1, 1, 1, 1, 1, 1, 1, 1], -1, 1286, 'optimal solution')
(9071, [1, 1, 1, 1, 1, 1, 1, 0, 0, 0], -1, 992, 'optimal solution')
(9072, [1, 1, 0, 1, 1, 0, 1, 1, 1, 1], -1, 1192, 'optimal solution')
(9073, [1, 0, 0, 1, 1, 1, 1, 0, 1, 1], -1, 939, 'optimal solution')
(9074, [1, 1, 1, 1, 0, 0, 0, 1, 1, 0], -1, 784, 'optimal solution')
(9075, [1, 1, 1, 1, 0, 0, 1, 1, 1, 1], -1, 1240, 'optimal solution')
(9076, [1, 0, 1, 1, 1, 1, 0, 1, 0, 0], -1, 917, 'optimal solution')
(9077, [1, 1, 0, 1, 1, 1, 1, 0, 1, 0], -1, 1033, 'optimal solution')
(9078, [1, 1, 1, 1, 1, 1, 0, 1, 1, 1], -1, 1386, 'optimal solution')
(9079, [0, 1, 1, 1, 1, 1, 1, 1, 0, 1], -1, 1266, 'optimal solution')
(9080, [1, 1, 1, 0, 0, 0, 1, 1, 1, 0], -1, 1054, 'optimal solution')
(9081, [1, 1, 0, 1, 1, 1, 0, 0, 0, 0], -1, 948, 'optimal solution')
(9082, [1, 1, 0, 0, 0, 0, 1, 1, 1, 1], -1, 952, 'optimal solution')
(9083, [1, 0, 1, 1, 1, 1, 1, 1, 1, 1], -1, 1446, 'optimal solution')
(9084, [1, 0, 0, 1, 1, 1, 1, 1, 1, 1], -1, 1196, 'optimal solution')
(9085, [1, 1, 0, 1, 1, 0, 1, 0, 1, 1], -1, 1062, 'optimal solution')
(9086, [1, 1, 1, 1, 1, 0, 0, 0, 1, 0], -1, 748, 'optimal solution')
(9087, [1, 0, 1, 1, 1, 0, 1, 1, 0, 0], -1, 1059, 'optimal solution')
(9088, [1, 1, 1, 1, 1, 1, 1, 1, 1, 1], -1, 1578, 'optimal solution')
(9089, [1, 0, 1, 1, 1, 0, 1, 0, 1, 1], -1, 694, 'optimal solution')
(9090, [1, 1, 1, 1, 1, 1, 1, 1, 1, 0], -1, 1143, 'optimal solution')
(9091, [1, 1, 0, 1, 1, 1, 1, 1, 1, 1], -1, 1043, 'optimal solution')
(9092, [1, 1, 1, 1, 1, 0, 1, 1, 1, 1], -1, 1436, 'optimal solution')
(9093, [0, 1, 1, 1, 1, 1, 1, 1, 1, 1], -1, 1368, 'optimal solution')
(9094, [0, 1, 1, 1, 1, 1, 0, 1, 0, 1], -1, 1315, 'optimal solution')
(9095, [1, 1, 1, 1, 0, 0, 1, 1, 0, 1], -1, 1005, 'optimal solution')
(9096, [1, 1, 1, 1, 1, 0, 1, 1, 0, 1], -1, 1187, 'optimal solution')
(9097, [1, 1, 1, 1, 1, 1, 1, 1, 1, 0], -1, 959, 'optimal solution')
(9098, [0, 1, 1, 1, 0, 0, 1, 1, 1, 0], -1, 925, 'optimal solution')
(9099, [1, 1, 1, 1, 1, 1, 1, 0, 0, 1], -1, 1243, 'optimal solution')
(0.026151180267333984, 'TIME FOR MAIN')
**********RESULT OF inst/knap_15.inst.dat **************
(9100, [1, 1, 1, 1, 1, 1, 1, 1, 1, 0, 1, 1, 0, 1, 1], -1, 2358, 'optimal solution')
(9101, [1, 1, 1, 1, 1, 1, 1, 1, 1, 0, 0, 1, 1, 1, 0], -1, 1726, 'optimal solution')
(9102, [1, 1, 1, 1, 1, 1, 0, 1, 1, 1, 1, 1, 1, 1, 0], -1, 2064, 'optimal solution')
(9103, [0, 1, 0, 1, 1, 1, 1, 1, 1, 1, 1, 1, 1, 1, 1], -1, 1485, 'optimal solution')
(9104, [1, 0, 1, 1, 0, 1, 1, 1, 1, 0, 1, 1, 1, 1, 1], -1, 1479, 'optimal solution')
(9105, [1, 1, 1, 1, 1, 1, 1, 1, 1, 1, 1, 1, 1, 1, 1], -1, 1852, 'optimal solution')
(9106, [1, 1, 1, 1, 1, 1, 1, 1, 1, 1, 1, 1, 1, 1, 1], -1, 1987, 'optimal solution')
(9107, [1, 1, 1, 1, 1, 1, 1, 1, 0, 1, 1, 1, 1, 1, 1], -1, 1636, 'optimal solution')
(9108, [1, 1, 1, 1, 1, 1, 1, 1, 1, 1, 1, 0, 1, 1, 0], -1, 1664, 'optimal solution')
(9109, [1, 1, 1, 1, 1, 1, 1, 1, 0, 1, 0, 1, 1, 1, 1], -1, 1806, 'optimal solution')
(9110, [1, 0, 1, 1, 1, 1, 1, 1, 1, 1, 1, 1, 1, 0, 1], -1, 2084, 'optimal solution')
(9111, [1, 1, 1, 1, 1, 1, 1, 1, 1, 1, 1, 1, 1, 1, 0], -1, 1454, 'optimal solution')
(9112, [1, 1, 1, 1, 1, 1, 1, 1, 1, 1, 1, 0, 1, 1, 0], -1, 1627, 'optimal solution')
(9113, [0, 0, 1, 1, 1, 1, 1, 1, 0, 1, 0, 1, 1, 1, 1], -1, 2087, 'optimal solution')
(9114, [1, 1, 1, 1, 1, 1, 1, 1, 1, 1, 0, 1, 1, 1, 1], -1, 1778, 'optimal solution')
(9115, [1, 1, 1, 1, 1, 0, 1, 1, 1, 1, 1, 1, 1, 0, 1], -1, 1874, 'optimal solution')
(9116, [1, 1, 1, 1, 1, 1, 1, 1, 1, 0, 1, 1, 0, 1, 1], -1, 1621, 'optimal solution')
(9117, [1, 1, 1, 1, 0, 1, 1, 1, 0, 1, 0, 1, 1, 1, 1], -1, 1817, 'optimal solution')
(9118, [1, 0, 1, 1, 1, 1, 1, 1, 1, 0, 1, 1, 1, 1, 1], -1, 1921, 'optimal solution')
(9119, [1, 1, 1, 1, 1, 1, 1, 1, 1, 1, 1, 1, 1, 1, 1], -1, 1769, 'optimal solution')
(9120, [1, 1, 1, 1, 1, 1, 1, 0, 1, 1, 1, 0, 0, 1, 0], -1, 1787, 'optimal solution')
(9121, [1, 1, 1, 1, 1, 1, 1, 1, 1, 1, 1, 1, 0, 1, 1], -1, 2021, 'optimal solution')
(9122, [1, 1, 1, 1, 1, 1, 1, 1, 1, 1, 1, 1, 1, 1, 1], -1, 1778, 'optimal solution')
(9123, [1, 1, 1, 1, 1, 1, 1, 1, 1, 1, 1, 1, 1, 1, 1], -1, 1990, 'optimal solution')
(9124, [1, 1, 1, 1, 1, 1, 1, 1, 1, 1, 1, 0, 1, 1, 1], -1, 1470, 'optimal solution')
(9125, [1, 1, 1, 1, 1, 1, 1, 1, 1, 1, 1, 1, 1, 1, 1], -1, 2122, 'optimal solution')
(9126, [0, 0, 0, 0, 0, 0, 0, 0, 0, 0, 0, 0, 0, 0, 1], -1, 199, 'optimal solution')
(9127, [1, 1, 1, 1, 1, 1, 1, 0, 1, 1, 0, 1, 0, 1, 1], -1, 1201, 'optimal solution')
(9128, [1, 1, 1, 1, 1, 1, 1, 1, 1, 1, 1, 1, 1, 1, 1], -1, 1915, 'optimal solution')
(9129, [1, 1, 1, 1, 1, 1, 1, 1, 1, 1, 1, 1, 1, 1, 1], -1, 1833, 'optimal solution')
(9130, [1, 0, 1, 1, 1, 1, 1, 1, 0, 1, 0, 1, 1, 1, 1], -1, 1274, 'optimal solution')
(9131, [1, 1, 1, 1, 1, 1, 1, 1, 1, 1, 1, 1, 0, 1, 1], -1, 1984, 'optimal solution')
(9132, [1, 1, 1, 1, 1, 1, 1, 1, 1, 0, 1, 1, 1, 1, 0], -1, 2238, 'optimal solution')
(9133, [1, 1, 1, 1, 1, 1, 1, 1, 1, 1, 0, 1, 1, 1, 1], -1, 1948, 'optimal solution')
(9134, [1, 0, 1, 1, 1, 1, 1, 1, 0, 1, 1, 1, 1, 1, 1], -1, 1609, 'optimal solution')
(9135, [1, 1, 1, 1, 1, 1, 1, 1, 1, 0, 1, 1, 1, 1, 1], -1, 1763, 'optimal solution')
(9136, [1, 1, 1, 1, 1, 1, 0, 1, 1, 1, 1, 1, 1, 1, 1], -1, 2017, 'optimal solution')
(9137, [1, 1, 1, 1, 1, 1, 1, 1, 1, 1, 1, 1, 1, 0, 1], -1, 1846, 'optimal solution')
(9138, [1, 1, 1, 1, 1, 1, 1, 1, 1, 1, 0, 1, 1, 1, 1], -1, 2011, 'optimal solution')
(9139, [1, 1, 0, 1, 1, 1, 1, 1, 1, 1, 1, 0, 0, 1, 1], -1, 1821, 'optimal solution')
(9140, [1, 1, 1, 1, 0, 1, 1, 1, 1, 1, 1, 1, 1, 0, 1], -1, 2167, 'optimal solution')
(9141, [1, 1, 1, 0, 1, 1, 1, 1, 1, 1, 1, 1, 1, 1, 1], -1, 1860, 'optimal solution')
(9142, [0, 1, 1, 1, 1, 1, 1, 0, 1, 1, 1, 1, 1, 1, 1], -1, 1439, 'optimal solution')
(9143, [1, 1, 1, 1, 1, 1, 0, 0, 1, 1, 1, 1, 1, 0, 1], -1, 1641, 'optimal solution')
(9144, [1, 1, 1, 1, 1, 1, 1, 1, 1, 1, 1, 0, 1, 1, 1], -1, 1776, 'optimal solution')
(9145, [1, 1, 1, 1, 1, 1, 1, 1, 1, 1, 1, 1, 1, 1, 0], -1, 1995, 'optimal solution')
(9146, [1, 1, 1, 1, 1, 1, 0, 1, 1, 1, 1, 1, 1, 1, 1], -1, 2008, 'optimal solution')
(9147, [1, 1, 1, 1, 1, 1, 1, 0, 1, 1, 1, 1, 1, 0, 1], -1, 1381, 'optimal solution')
(9148, [1, 1, 1, 1, 1, 1, 0, 1, 1, 1, 1, 1, 1, 1, 1], -1, 1771, 'optimal solution')
(9149, [1, 1, 1, 1, 1, 1, 1, 1, 1, 1, 1, 1, 1, 1, 1], -1, 1873, 'optimal solution')
(0.6723480224609375, 'TIME FOR MAIN')
**********RESULT OF inst/knap_20.inst.dat **************
(9150, [1, 1, 1, 1, 1, 1, 1, 1, 1, 1, 1, 1, 0, 1, 0, 1, 0, 1, 0, 0], -1, 1981, 'optimal solution')
(9151, [1, 1, 1, 1, 1, 1, 1, 1, 0, 1, 1, 0, 1, 1, 1, 1, 0, 1, 1, 1], -1, 2623, 'optimal solution')
(9152, [1, 1, 1, 0, 1, 1, 1, 1, 1, 1, 1, 0, 1, 1, 1, 1, 1, 1, 1, 1], -1, 2607, 'optimal solution')
(9153, [1, 1, 1, 1, 1, 1, 0, 1, 0, 1, 1, 1, 0, 0, 1, 1, 0, 1, 1, 1], -1, 2089, 'optimal solution')
(9154, [1, 1, 1, 1, 1, 1, 0, 1, 1, 1, 1, 1, 1, 1, 1, 1, 1, 0, 1, 1], -1, 2062, 'optimal solution')
(9155, [1, 1, 1, 1, 1, 0, 1, 1, 1, 1, 1, 1, 1, 1, 0, 0, 1, 1, 1, 1], -1, 2723, 'optimal solution')
(9156, [1, 1, 1, 1, 0, 1, 1, 0, 0, 1, 1, 0, 0, 1, 1, 1, 1, 0, 1, 1], -1, 2129, 'optimal solution')
(9157, [1, 1, 0, 1, 1, 1, 1, 1, 1, 1, 1, 0, 1, 1, 1, 0, 1, 0, 1, 1], -1, 2950, 'optimal solution')
(9158, [0, 1, 1, 1, 1, 1, 1, 1, 1, 1, 0, 1, 0, 1, 1, 1, 1, 1, 1, 1], -1, 2197, 'optimal solution')
(9159, [1, 1, 1, 1, 1, 0, 1, 0, 1, 1, 1, 0, 0, 1, 1, 1, 1, 1, 1, 0], -1, 2551, 'optimal solution')
(9160, [1, 1, 1, 1, 1, 1, 1, 1, 1, 1, 1, 1, 0, 1, 1, 1, 1, 1, 0, 0], -1, 2372, 'optimal solution')
(9161, [1, 1, 1, 1, 1, 1, 1, 1, 1, 0, 1, 0, 1, 0, 1, 1, 1, 0, 1, 1], -1, 2116, 'optimal solution')
(9162, [1, 1, 0, 0, 1, 1, 1, 1, 1, 0, 1, 1, 1, 1, 1, 1, 1, 0, 1, 0], -1, 2368, 'optimal solution')
(9163, [1, 1, 1, 0, 1, 0, 1, 1, 0, 1, 1, 1, 1, 1, 0, 1, 0, 1, 1, 1], -1, 2440, 'optimal solution')
(9164, [1, 1, 1, 1, 1, 1, 1, 1, 1, 1, 1, 1, 0, 1, 0, 0, 1, 1, 0, 1], -1, 1609, 'optimal solution')
(9165, [0, 0, 0, 0, 0, 0, 0, 0, 0, 0, 0, 0, 0, 0, 0, 0, 0, 0, 0, 1], -1, 249, 'optimal solution')
(9166, [1, 1, 1, 1, 1, 1, 0, 1, 1, 1, 0, 1, 0, 1, 1, 0, 1, 0, 1, 1], -1, 2184, 'optimal solution')
(9167, [1, 0, 0, 1, 1, 1, 0, 1, 1, 0, 1, 1, 0, 1, 1, 0, 1, 0, 1, 1], -1, 1903, 'optimal solution')
(9168, [1, 1, 1, 1, 0, 1, 0, 1, 1, 1, 0, 1, 1, 1, 1, 1, 0, 1, 1, 1], -1, 2359, 'optimal solution')
(9169, [0, 1, 0, 1, 1, 0, 1, 1, 1, 1, 1, 1, 1, 1, 1, 1, 1, 1, 0, 1], -1, 2550, 'optimal solution')
(9170, [1, 0, 1, 1, 1, 1, 1, 0, 1, 1, 1, 1, 1, 0, 1, 1, 0, 1, 1, 1], -1, 2796, 'optimal solution')
(9171, [1, 1, 1, 1, 1, 1, 1, 1, 1, 1, 0, 1, 1, 1, 0, 1, 1, 0, 1, 1], -1, 1953, 'optimal solution')
(9172, [1, 1, 1, 1, 1, 1, 1, 1, 1, 1, 1, 1, 1, 1, 1, 1, 1, 0, 1, 0], -1, 2532, 'optimal solution')
(9173, [1, 0, 1, 1, 1, 1, 1, 0, 1, 0, 1, 1, 0, 1, 1, 1, 1, 1, 1, 1], -1, 2347, 'optimal solution')
(9174, [1, 1, 1, 1, 1, 1, 1, 1, 1, 1, 0, 1, 1, 1, 1, 0, 0, 1, 0, 1], -1, 2684, 'optimal solution')
(9175, [1, 0, 1, 1, 1, 1, 0, 1, 1, 1, 1, 1, 1, 1, 0, 1, 0, 1, 0, 0], -1, 1883, 'optimal solution')
(9176, [1, 1, 1, 1, 1, 1, 1, 1, 1, 1, 0, 1, 1, 1, 1, 1, 1, 1, 1, 0], -1, 2335, 'optimal solution')
(9177, [1, 1, 1, 0, 1, 1, 1, 1, 1, 0, 1, 1, 1, 1, 1, 1, 0, 0, 1, 0], -1, 2270, 'optimal solution')
(9178, [1, 0, 1, 1, 1, 1, 1, 1, 0, 1, 0, 1, 1, 1, 1, 0, 0, 1, 1, 1], -1, 2191, 'optimal solution')
(9179, [1, 1, 0, 1, 1, 1, 1, 1, 1, 0, 1, 1, 1, 1, 0, 1, 1, 0, 1, 0], -1, 2041, 'optimal solution')
(9180, [1, 1, 1, 1, 1, 1, 1, 1, 1, 1, 0, 1, 0, 1, 1, 0, 1, 1, 0, 0], -1, 2177, 'optimal solution')
(9181, [1, 1, 1, 1, 1, 1, 1, 1, 1, 0, 0, 1, 1, 1, 0, 1, 1, 1, 1, 1], -1, 2435, 'optimal solution')
(9182, [1, 0, 1, 1, 1, 1, 0, 1, 1, 1, 0, 1, 1, 1, 0, 1, 0, 0, 1, 1], -1, 2508, 'optimal solution')
(9183, [1, 0, 1, 1, 1, 1, 0, 1, 0, 1, 0, 1, 1, 1, 1, 1, 1, 1, 1, 0], -1, 1863, 'optimal solution')
(9184, [1, 1, 1, 1, 0, 1, 1, 1, 1, 1, 0, 1, 1, 1, 1, 1, 1, 1, 1, 1], -1, 2959, 'optimal solution')
(9185, [1, 0, 1, 1, 1, 1, 1, 1, 1, 1, 1, 1, 1, 0, 1, 0, 1, 1, 1, 1], -1, 2411, 'optimal solution')
(9186, [1, 1, 1, 1, 1, 0, 1, 1, 0, 0, 1, 1, 1, 1, 1, 1, 1, 0, 1, 1], -1, 2456, 'optimal solution')
(9187, [1, 1, 1, 0, 1, 1, 1, 1, 1, 0, 0, 1, 1, 1, 1, 1, 0, 1, 1, 0], -1, 2333, 'optimal solution')
(9188, [1, 1, 0, 1, 1, 0, 0, 0, 1, 1, 0, 1, 1, 1, 1, 1, 1, 1, 1, 1], -1, 1983, 'optimal solution')
(9189, [0, 1, 1, 1, 1, 1, 1, 1, 1, 1, 1, 1, 0, 1, 1, 1, 1, 1, 1, 0], -1, 2041, 'optimal solution')
(9190, [1, 0, 1, 1, 1, 1, 1, 1, 0, 1, 1, 1, 1, 1, 0, 0, 1, 1, 1, 0], -1, 2338, 'optimal solution')
(9191, [1, 1, 1, 1, 1, 1, 1, 0, 1, 1, 1, 1, 1, 1, 1, 1, 1, 1, 1, 1], -1, 2818, 'optimal solution')
(9192, [1, 1, 1, 1, 0, 1, 0, 1, 1, 1, 1, 1, 0, 1, 1, 0, 1, 1, 1, 1], -1, 2363, 'optimal solution')
(9193, [1, 1, 1, 1, 1, 0, 1, 1, 0, 1, 0, 1, 0, 1, 1, 1, 0, 1, 0, 1], -1, 1821, 'optimal solution')
(9194, [1, 1, 1, 1, 1, 1, 1, 1, 1, 0, 0, 1, 1, 1, 1, 1, 0, 0, 0, 0], -1, 2598, 'optimal solution')
(9195, [1, 1, 1, 1, 1, 1, 1, 1, 1, 1, 0, 1, 1, 1, 1, 1, 0, 0, 1, 1], -1, 2421, 'optimal solution')
(9196, [1, 1, 0, 1, 1, 1, 1, 1, 0, 1, 1, 1, 1, 1, 1, 1, 0, 1, 1, 1], -1, 2475, 'optimal solution')
(9197, [1, 1, 1, 1, 1, 1, 1, 0, 1, 1, 1, 0, 1, 0, 1, 1, 1, 1, 1, 1], -1, 2417, 'optimal solution')
(9198, [1, 1, 1, 1, 1, 1, 1, 1, 0, 0, 1, 0, 0, 1, 1, 0, 1, 1, 1, 1], -1, 2021, 'optimal solution')
(9199, [1, 0, 1, 1, 1, 1, 0, 0, 0, 0, 1, 1, 1, 0, 1, 1, 1, 1, 1, 1], -1, 2122, 'optimal solution')
(13.07440996170044, 'TIME FOR MAIN')
**********RESULT OF inst/knap_22.inst.dat **************
(9200, [1, 0, 1, 1, 1, 1, 1, 1, 1, 1, 1, 0, 1, 1, 1, 1, 0, 0, 1, 1, 1, 1], -1, 2625, 'optimal solution')
(9201, [1, 1, 1, 0, 0, 1, 1, 1, 1, 0, 1, 1, 1, 1, 0, 1, 1, 0, 1, 1, 1, 1], -1, 2215, 'optimal solution')
(9202, [0, 1, 1, 1, 1, 1, 1, 1, 0, 1, 1, 1, 0, 1, 1, 1, 0, 1, 1, 1, 1, 1], -1, 2439, 'optimal solution')
(9203, [1, 1, 1, 1, 1, 1, 1, 0, 1, 1, 1, 1, 0, 1, 1, 0, 0, 1, 1, 1, 1, 1], -1, 2474, 'optimal solution')
(9204, [1, 0, 0, 1, 1, 1, 1, 1, 1, 1, 1, 1, 0, 1, 0, 1, 1, 1, 1, 1, 1, 0], -1, 2877, 'optimal solution')
(9205, [1, 1, 0, 1, 1, 1, 1, 0, 0, 1, 1, 1, 0, 0, 1, 0, 1, 1, 1, 1, 1, 1], -1, 2581, 'optimal solution')
(9206, [0, 1, 1, 1, 1, 0, 1, 1, 1, 1, 1, 1, 1, 0, 1, 1, 1, 0, 0, 1, 1, 0], -1, 2401, 'optimal solution')
(9207, [1, 1, 0, 1, 1, 1, 1, 1, 1, 1, 1, 1, 1, 1, 1, 0, 0, 1, 1, 1, 0, 0], -1, 2644, 'optimal solution')
(9208, [1, 1, 1, 1, 1, 1, 1, 1, 0, 1, 1, 1, 1, 0, 1, 0, 1, 1, 1, 1, 0, 0], -1, 2395, 'optimal solution')
(9209, [1, 1, 1, 1, 1, 1, 1, 1, 1, 1, 1, 0, 1, 0, 0, 1, 1, 0, 1, 1, 0, 1], -1, 2265, 'optimal solution')
(9210, [1, 1, 1, 1, 0, 1, 1, 1, 1, 1, 0, 1, 1, 1, 1, 1, 1, 1, 1, 1, 0, 0], -1, 2576, 'optimal solution')
(9211, [1, 0, 0, 1, 1, 1, 1, 1, 0, 1, 1, 1, 0, 1, 1, 1, 1, 0, 1, 1, 0, 0], -1, 2445, 'optimal solution')
(9212, [1, 1, 1, 1, 1, 1, 1, 1, 0, 0, 0, 1, 1, 0, 0, 1, 0, 1, 1, 1, 1, 1], -1, 2522, 'optimal solution')
(9213, [1, 1, 1, 1, 0, 1, 1, 1, 1, 1, 1, 1, 1, 0, 1, 1, 0, 0, 0, 0, 1, 1], -1, 2677, 'optimal solution')
(9214, [1, 1, 1, 1, 1, 0, 1, 1, 0, 1, 1, 1, 1, 1, 1, 0, 1, 1, 0, 1, 1, 0], -1, 2442, 'optimal solution')
(9215, [1, 1, 1, 0, 1, 1, 1, 1, 0, 1, 1, 0, 0, 0, 1, 1, 0, 1, 1, 1, 1, 1], -1, 2639, 'optimal solution')
(9216, [1, 1, 1, 1, 1, 1, 1, 1, 1, 1, 1, 0, 0, 1, 1, 1, 1, 0, 0, 1, 1, 1], -1, 1868, 'optimal solution')
(9217, [1, 1, 0, 0, 1, 1, 1, 0, 1, 1, 1, 0, 0, 0, 1, 1, 0, 1, 1, 1, 1, 1], -1, 2382, 'optimal solution')
(9218, [1, 1, 1, 1, 1, 1, 1, 0, 1, 1, 1, 1, 1, 0, 0, 1, 1, 1, 1, 1, 1, 1], -1, 2209, 'optimal solution')
(9219, [0, 1, 0, 1, 1, 1, 1, 1, 0, 0, 1, 0, 1, 1, 1, 1, 1, 1, 1, 1, 1, 1], -1, 2345, 'optimal solution')
(9220, [1, 1, 0, 1, 1, 1, 1, 1, 0, 1, 0, 1, 1, 1, 1, 0, 0, 1, 1, 1, 1, 1], -1, 2651, 'optimal solution')
(9221, [1, 1, 1, 1, 1, 1, 1, 1, 1, 0, 1, 1, 0, 0, 1, 1, 1, 1, 1, 0, 1, 1], -1, 3032, 'optimal solution')
**********RESULT OF inst/knap_25.inst.dat **************
(9250, [1, 1, 1, 1, 1, 1, 1, 1, 0, 1, 0, 1, 1, 1, 0, 1, 0, 1, 0, 1, 1, 1, 0, 1, 0], -1, 2427, 'optimal solution')
